0.0007116514 
0.0007124530 
0.0007131218 
0.0007136624 
0.0007140691 
0.0007143455 
0.0007144986 
0.0007145720 
0.0007146240 
0.0007146204 
0.0007143804 
0.0007137757 
0.0007129986 
0.0007129516 
0.0007144887 
0.0007171319 
0.0007185899 
0.0007172936 
0.0007136596 
0.0007086632 
0.0007024927 
0.0006985331 
0.0007050205 
0.0007256263 
0.0007471665 
0.0007370289 
0.0006786830 
0.0005977361 
0.0005774118 
0.0006583560 
0.0007671255 
0.0008338289 
0.0008804806 
0.0009628281 
0.0010533887 
0.0010390779 
0.0009355855 
0.0008617211 
0.0008598649 
0.0008158792 
0.0005978188 
0.0002009870 
-0.0002561964 
-0.0006069619 
-0.0008950884 
-0.0013440522 
-0.0019308379 
-0.0022658882 
-0.0021408947 
-0.0017334010 
-0.0014292323 
-0.0016751130 
-0.0025406297 
-0.0037348512 
-0.0050185683 
-0.0062334176 
-0.0069495637 
-0.0068374507 
-0.0059043888 
-0.0047232210 
-0.0028482273 
0.0014990632 
0.0076435413 
0.0112132570 
0.0098995247 
0.0056785483 
0.0015325146 
-0.0015165535 
-0.0043527507 
-0.0079652986 
-0.0126940070 
-0.0185102680 
-0.0251400540 
-0.0321303300 
-0.0369058480 
-0.0359334110 
-0.0300154740 
-0.0248377630 
-0.0244518950 
-0.0268775530 
-0.0288733050 
-0.0309938510 
-0.0343494460 
-0.0278207950 
0.0052865983 
0.0538271520 
0.0841574030 
0.0846952320 
0.0717740850 
0.0641177010 
0.0666987540 
0.0731447620 
0.0770311490 
0.0753987870 
0.0675728780 
0.0557619340 
0.0426134180 
0.0282179090 
0.0109883880 
-0.0091948126 
-0.0309375680 
-0.0531064140 
-0.0756383200 
-0.0989515860 
-0.1232271200 
-0.1475868400 
-0.1691883200 
-0.1867703000 
-0.1987464900 
-0.1962163200 
-0.1638895900 
-0.0644693380 
0.0777516020 
0.1596227900 
0.1460976400 
0.0894019310 
0.0453474220 
0.0235521650 
0.0062634259 
-0.0188366910 
-0.0490940700 
-0.0773186180 
-0.1007137200 
-0.0872580940 
0.0172013580 
0.1360041000 
0.1669600100 
0.1136650700 
0.0436464120 
0.0009202242 
0.0075685543 
0.0685716970 
0.1302956800 
0.1440544500 
0.1187905800 
0.0895666060 
0.0733911330 
0.0635099210 
0.0492591730 
0.0294074300 
0.0090417403 
-0.0069040522 
-0.0087633812 
0.0094877019 
0.0400507200 
0.0644833270 
0.0668183780 
0.0506358330 
0.0301370000 
0.0129024790 
-0.0029852715 
-0.0210582430 
-0.0377725430 
-0.0316137470 
0.0000693666 
0.0220736510 
0.0135568340 
-0.0132894720 
-0.0385478190 
-0.0562236150 
-0.0720565680 
-0.0865798780 
-0.0723317860 
-0.0346816950 
-0.0178922240 
-0.0378083050 
-0.0741074550 
-0.1046396400 
-0.1184863000 
-0.0652349270 
0.0436144740 
0.1052174300 
0.0795957910 
0.0131049110 
-0.0349529250 
-0.0113329520 
0.0671988970 
0.1171837900 
0.1057620900 
0.0663234560 
0.0373657340 
0.0245673100 
0.0188395180 
0.0245130420 
0.0330501450 
0.0311611830 
0.0183855870 
0.0023851322 
-0.0125545030 
-0.0271539390 
-0.0386761260 
-0.0356511910 
-0.0149391570 
0.0090105718 
0.0141971930 
-0.0030297366 
-0.0290682440 
-0.0527132240 
-0.0732804480 
-0.0946778710 
-0.1110538500 
-0.0919556760 
-0.0371245980 
0.0025175147 
0.0004607698 
-0.0131220190 
-0.0087314077 
0.0015768835 
-0.0023918838 
-0.0212243430 
-0.0428165980 
-0.0599278550 
-0.0745329610 
-0.0908018830 
-0.1097442800 
-0.1283356000 
-0.1398870700 
-0.1420719300 
-0.1357971900 
-0.1098817500 
-0.0325874880 
0.0514696850 
0.0721094180 
0.0407015570 
0.0306790390 
0.0765388330 
0.1462240000 
0.1809790400 
0.1611370600 
0.1158091900 
0.0765687480 
0.0470485670 
0.0143022660 
-0.0277815210 
-0.0740854470 
-0.1076641200 
-0.0846209430 
-0.0168005900 
0.0210504440 
-0.0012985799 
-0.0522903540 
-0.0946722440 
-0.1218965400 
-0.1465827600 
-0.1465886000 
-0.0589667500 
0.0653683130 
0.1222268200 
0.0961074520 
0.0468453660 
0.0432529940 
0.0985310660 
0.1487622100 
0.1483902700 
0.1138787500 
0.0815921910 
0.0645014470 
0.0527549690 
0.0443278760 
0.0552579440 
0.0807730890 
0.0963187800 
0.0914326620 
0.0717567060 
0.0469327960 
0.0231604420 
0.0237391980 
0.0652516800 
0.0998032380 
0.0914588730 
0.0536986170 
0.0164639680 
-0.0088287882 
-0.0296859670 
-0.0492206250 
-0.0528893520 
-0.0333256050 
-0.0063635877 
0.0012640701 
-0.0163018990 
-0.0438368490 
-0.0673742990 
-0.0854281500 
-0.1032577100 
-0.1206518600 
-0.1186529700 
-0.0837635220 
-0.0343767330 
-0.0067159880 
-0.0120211680 
-0.0302081980 
-0.0333042090 
-0.0134292390 
0.0111598160 
0.0203807400 
0.0168928060 
0.0139973970 
0.0145049620 
0.0122663650 
0.0021502880 
-0.0149656030 
-0.0316614480 
-0.0334529290 
-0.0143149160 
0.0144511220 
0.0277333010 
0.0141171350 
-0.0089568672 
-0.0134020810 
0.0003284279 
0.0081371532 
-0.0013651187 
-0.0195805840 
-0.0328183750 
-0.0285836920 
-0.0090927312 
0.0089828434 
0.0116787770 
0.0018679708 
-0.0057147006 
-0.0020054061 
0.0059558397 
0.0077508578 
0.0024898825 
-0.0036333203 
-0.0023281449 
0.0099934436 
0.0259021100 
0.0309603680 
0.0235826930 
0.0142016380 
0.0096982110 
0.0067747638 
-0.0004813308 
-0.0038259566 
0.0018439234 
0.0079907833 
0.0092812100 
0.0082684445 
0.0075778921 
0.0055488774 
0.0001196974 
-0.0088230403 
-0.0201896400 
-0.0353834520 
-0.0495341340 
-0.0424627030 
-0.0099392405 
0.0189495910 
0.0200864050 
0.0009841418 
-0.0121063830 
-0.0024823055 
0.0218737340 
0.0382900870 
0.0328461960 
0.0129963340 
-0.0063079316 
-0.0185058310 
-0.0246350530 
-0.0206719270 
-0.0043734355 
0.0130477870 
0.0177207610 
0.0130623180 
0.0091284226 
0.0070137655 
0.0027598370 
-0.0048614682 
-0.0135446540 
-0.0182953150 
-0.0143803660 
-0.0051393153 
-0.0034058957 
-0.0160976940 
-0.0323811670 
-0.0329925800 
-0.0167277040 
0.0003681580 
0.0061586364 
0.0010623767 
-0.0066781711 
-0.0136084300 
-0.0212534960 
-0.0307726940 
-0.0384420900 
-0.0385821500 
-0.0328507050 
-0.0322382230 
-0.0416616150 
-0.0455797480 
-0.0360493380 
-0.0183017040 
0.0018543068 
0.0171220480 
0.0252494570 
0.0289276070 
0.0311236260 
0.0325215540 
0.0316452580 
0.0214946890 
0.0020015520 
-0.0051144082 
0.0122271550 
0.0360071150 
0.0420236290 
0.0316261760 
0.0209113180 
0.0183804800 
0.0203512730 
0.0207415430 
0.0193399820 
0.0197033210 
0.0216098050 
0.0200158480 
0.0122257870 
-0.0002420666 
-0.0137442730 
-0.0235223500 
-0.0272034200 
-0.0270350060 
-0.0259687710 
-0.0249501290 
-0.0229903040 
-0.0184784730 
-0.0136322840 
-0.0129695450 
-0.0141491650 
0.0095324462 
0.0613412110 
0.1041288100 
0.1116646100 
0.0942929640 
0.0752269180 
0.0636485060 
0.0544462860 
0.0416495630 
0.0255129940 
0.0101616660 
0.0020706286 
0.0042868016 
0.0094451656 
0.0056451004 
-0.0066757473 
-0.0143003930 
-0.0167965800 
-0.0268407930 
-0.0489759130 
-0.0771963940 
-0.1044949100 
-0.1055610900 
-0.0393135500 
0.0420511080 
0.0649401720 
0.0363193930 
0.0211849980 
0.0382976220 
0.0551023000 
0.0533946090 
0.0402102240 
0.0193618840 
-0.0103909930 
-0.0507292030 
-0.0946333540 
-0.1079231700 
-0.0752529150 
-0.0360901720 
-0.0175885300 
-0.0077943486 
0.0115627420 
0.0417438100 
0.0704445480 
0.0846039910 
0.0752036980 
0.0461351050 
0.0103172450 
-0.0242594340 
-0.0610169180 
-0.0929764900 
-0.0746833190 
-0.0170096460 
0.0198657310 
0.0138546660 
-0.0113225110 
-0.0334450940 
-0.0466154550 
-0.0318777900 
0.0099366407 
0.0365406070 
0.0270647290 
0.0028344763 
-0.0124602070 
-0.0200140170 
-0.0313700470 
-0.0478086790 
-0.0605734710 
-0.0586503700 
-0.0407203390 
-0.0167032880 
-0.0009901619 
0.0100911160 
0.0217662110 
0.0217066800 
0.0024523983 
-0.0257595580 
-0.0351930210 
-0.0177285960 
0.0023995712 
0.0088965742 
0.0101667160 
0.0173354630 
0.0255939360 
0.0246461210 
0.0132180540 
-0.0052084460 
-0.0273813080 
-0.0511695660 
-0.0724803640 
-0.0755667380 
-0.0494326650 
-0.0048207183 
0.0265651480 
0.0294841330 
0.0312256000 
0.0495126880 
0.0608650920 
0.0450906660 
0.0111132410 
-0.0188391620 
-0.0342958490 
-0.0348998110 
-0.0224018330 
-0.0048195680 
0.0091968639 
0.0170535280 
0.0188288910 
0.0200184480 
0.0275828000 
0.0413975080 
0.0533286400 
0.0514141860 
0.0343563550 
0.0113722550 
-0.0054713783 
-0.0082670769 
-0.0019284853 
0.0060063577 
0.0152849320 
0.0171041560 
0.0047660201 
-0.0168169080 
-0.0382283830 
-0.0498762410 
-0.0417534040 
-0.0153928890 
0.0158897770 
0.0328660470 
0.0275868810 
0.0100058650 
-0.0071374933 
-0.0197024600 
-0.0233588360 
-0.0093957275 
0.0171339640 
0.0410946690 
0.0511627220 
0.0473532300 
0.0382541600 
0.0306066510 
0.0249615180 
0.0212317790 
0.0251649830 
0.0376755900 
0.0543869400 
0.0703908000 
0.0748761290 
0.0647527040 
0.0484171650 
0.0353769630 
0.0273433660 
0.0198154390 
0.0081886854 
-0.0074509456 
-0.0239704270 
-0.0387395600 
-0.0510280400 
-0.0619962500 
-0.0724517310 
-0.0808272920 
-0.0860357800 
-0.0893539960 
-0.0940629030 
-0.1045809500 
-0.1213763800 
-0.1374041300 
-0.1280295400 
-0.0795903780 
-0.0147878370 
0.0350879980 
0.0527888230 
0.0496448130 
0.0528783550 
0.0724284400 
0.0909257450 
0.0907624230 
0.0753156660 
0.0589139710 
0.0529976800 
0.0576901620 
0.0640849660 
0.0658231280 
0.0640374650 
0.0628024310 
0.0625967580 
0.0542823590 
0.0279656550 
-0.0049177113 
-0.0243767440 
-0.0307748020 
-0.0295132790 
-0.0232035700 
-0.0226315170 
-0.0323662950 
-0.0413228420 
-0.0374323380 
-0.0228265480 
-0.0118472480 
-0.0164291590 
-0.0274260240 
-0.0297447860 
-0.0255942850 
-0.0202598400 
-0.0130699820 
-0.0050528751 
0.0032985258 
0.0089783633 
0.0078847631 
0.0013394417 
-0.0035242260 
0.0012985187 
0.0147051500 
0.0240003280 
0.0180599550 
-0.0004558612 
-0.0207020270 
-0.0325644680 
-0.0349199040 
-0.0331488290 
-0.0310250770 
-0.0249665400 
-0.0161350880 
-0.0128471360 
-0.0187797530 
-0.0297405260 
-0.0385279320 
-0.0425413010 
-0.0470810680 
-0.0543308640 
-0.0602469700 
-0.0505594930 
-0.0221365090 
0.0073564783 
0.0246100450 
0.0309999200 
0.0319151480 
0.0288598140 
0.0228404590 
0.0108904740 
-0.0081204791 
-0.0111263110 
0.0102899730 
0.0264175530 
0.0146777280 
-0.0140396690 
-0.0234958040 
0.0079424706 
0.0526526320 
0.0612203610 
0.0307550370 
-0.0018842538 
-0.0074704260 
0.0103458420 
0.0284266020 
0.0316217460 
0.0247061220 
0.0178235050 
0.0126701750 
0.0078414932 
0.0009709037 
-0.0092677340 
-0.0213962260 
-0.0403337020 
-0.0588110420 
-0.0491439860 
-0.0048093235 
0.0497086530 
0.0782431340 
0.0712285630 
0.0485812420 
0.0300337360 
0.0186879130 
0.0090915560 
-0.0025532375 
-0.0170931730 
-0.0181380330 
0.0064939331 
0.0354385740 
0.0495518770 
0.0478648840 
0.0358630180 
0.0148019320 
-0.0167229960 
-0.0497173710 
-0.0762374750 
-0.0934311980 
-0.0945194630 
-0.0748083930 
-0.0387274800 
-0.0025441711 
0.0178027070 
0.0147723090 
-0.0036950200 
-0.0242614570 
-0.0334721960 
-0.0218433490 
0.0008040464 
0.0165865190 
0.0156695030 
0.0054297800 
0.0017188082 
0.0096984247 
0.0220770920 
0.0337347220 
0.0450711430 
0.0500670770 
0.0402203600 
0.0213424860 
0.0047703264 
-0.0041397045 
-0.0070269125 
-0.0098372232 
-0.0175363570 
-0.0178647240 
0.0052141341 
0.0367444850 
0.0445389050 
0.0236625590 
-0.0059386386 
-0.0253124000 
-0.0245633920 
-0.0077262064 
0.0116540760 
0.0163950060 
0.0009905515 
-0.0238344490 
-0.0453530490 
-0.0522058220 
-0.0392234130 
-0.0132603620 
0.0107201080 
0.0218937550 
0.0206111490 
0.0132619220 
0.0038235257 
-0.0063179488 
-0.0080350718 
0.0043877227 
0.0242825760 
0.0354737170 
0.0288271000 
0.0110810890 
-0.0048475214 
-0.0069414275 
0.0001118218 
-0.0007602365 
-0.0150593440 
-0.0338535480 
-0.0432558290 
-0.0384553100 
-0.0280284760 
-0.0257945020 
-0.0359864880 
-0.0471515110 
-0.0388815060 
-0.0082292843 
0.0271227490 
0.0485761630 
0.0460921770 
0.0271694670 
0.0076100009 
-0.0034516536 
-0.0010120533 
0.0139158570 
0.0313660940 
0.0366187420 
0.0262493950 
0.0091292916 
-0.0050693619 
-0.0093038528 
-0.0030101715 
0.0073956670 
0.0172449910 
0.0236838270 
0.0199571430 
0.0053689842 
-0.0131858240 
-0.0289314390 
-0.0392214410 
-0.0428096600 
-0.0355341310 
-0.0134061910 
0.0231742180 
0.0519888390 
0.0515645510 
0.0286836150 
0.0031402056 
-0.0151018090 
-0.0230736390 
-0.0195127270 
-0.0154796000 
-0.0184775750 
-0.0223366400 
-0.0205142250 
-0.0153437150 
-0.0115630200 
-0.0074607463 
0.0014583182 
0.0148941990 
0.0248803990 
0.0224754600 
0.0092497209 
-0.0052702120 
-0.0074265150 
0.0056823560 
0.0209148580 
0.0276834140 
0.0244782980 
0.0169878220 
0.0121801810 
0.0111917890 
0.0090323527 
0.0045719045 
0.0043162643 
0.0079079686 
0.0048639077 
-0.0108858230 
-0.0355034390 
-0.0586590240 
-0.0688187170 
-0.0635453990 
-0.0480317460 
-0.0277473610 
-0.0084126419 
0.0061719123 
0.0128140300 
0.0102857840 
0.0022787894 
-0.0064396709 
-0.0125562550 
-0.0111249720 
-0.0005395044 
0.0149192990 
0.0303737990 
0.0430841660 
0.0477010070 
0.0413531480 
0.0285140970 
0.0153173680 
0.0055879742 
0.0045107219 
0.0136005670 
0.0266284610 
0.0331930110 
0.0298391610 
0.0233372040 
0.0231182340 
0.0300510370 
0.0360098860 
0.0350982120 
0.0287407950 
0.0219690130 
0.0175998330 
0.0141204900 
0.0073801753 
-0.0113088140 
-0.0396368100 
-0.0620206310 
-0.0673128880 
-0.0589265780 
-0.0435854350 
-0.0232113410 
-0.0046375480 
0.0059210856 
0.0063591774 
0.0002568578 
-0.0062711746 
-0.0096129817 
-0.0113681310 
-0.0134883000 
-0.0121542690 
-0.0047481103 
0.0035310872 
0.0035745309 
-0.0041665418 
-0.0112564480 
-0.0091724547 
0.0019777411 
0.0126307650 
0.0113838080 
-0.0013785207 
-0.0118220770 
-0.0069809367 
0.0102788110 
0.0239130540 
0.0211589360 
0.0076379429 
-0.0026270008 
-0.0044086668 
-0.0025637740 
-0.0026141537 
-0.0054852489 
-0.0092335312 
-0.0123295140 
-0.0148727310 
-0.0175957660 
-0.0207431390 
-0.0240220090 
-0.0272866550 
-0.0310466020 
-0.0323139080 
-0.0267337330 
-0.0152768970 
-0.0021920515 
0.0068266657 
0.0058467597 
-0.0007640771 
0.0024030186 
0.0213645590 
0.0429034720 
0.0503036980 
0.0402935300 
0.0187214820 
-0.0059289070 
-0.0213481630 
-0.0171932810 
-0.0011045362 
0.0106745020 
0.0145906970 
0.0194714940 
0.0285918040 
0.0297721010 
0.0151483700 
-0.0040334172 
-0.0138242880 
-0.0139619120 
-0.0136647350 
-0.0185145350 
-0.0254886060 
-0.0240321520 
-0.0080570023 
0.0141043570 
0.0266707550 
0.0253848440 
0.0198812590 
0.0191506630 
0.0203412800 
0.0151853360 
0.0011126104 
-0.0170775240 
-0.0296866010 
-0.0288920800 
-0.0176118280 
-0.0039295858 
0.0071529850 
0.0153336220 
0.0204986330 
0.0175459010 
0.0043033275 
-0.0148181430 
-0.0330358290 
-0.0396407630 
-0.0283569500 
-0.0079204546 
0.0080550507 
0.0160079130 
0.0202920270 
0.0239351410 
0.0269970420 
0.0290519830 
0.0313297610 
0.0336575550 
0.0331609800 
0.0300324970 
0.0260720770 
0.0198986520 
0.0104007650 
0.0006072090 
-0.0035311264 
0.0000172876 
0.0072964417 
0.0106868950 
0.0030220848 
-0.0150246990 
-0.0365858710 
-0.0522282590 
-0.0576814020 
-0.0559349850 
-0.0505630540 
-0.0423425730 
-0.0298659990 
-0.0117889420 
0.0089662619 
0.0250339130 
0.0328964890 
0.0334656500 
0.0300510300 
0.0240419660 
0.0130487210 
-0.0043923560 
-0.0239807970 
-0.0391257340 
-0.0424511860 
-0.0324707060 
-0.0166683300 
-0.0022780942 
0.0102428780 
0.0215354450 
0.0233475680 
0.0111243090 
-0.0090991558 
-0.0286437430 
-0.0423758930 
-0.0463402440 
-0.0394989090 
-0.0248715380 
-0.0071295302 
0.0108214700 
0.0279010030 
0.0433884020 
0.0569678360 
0.0639661110 
0.0578020230 
0.0388213560 
0.0117052730 
-0.0151587690 
-0.0353909950 
-0.0455532160 
-0.0421208600 
-0.0309028460 
-0.0225907040 
-0.0195256480 
-0.0137485820 
-0.0002907829 
0.0117795690 
0.0109303180 
-0.0015617081 
-0.0166032220 
-0.0282360510 
-0.0365032770 
-0.0406879310 
-0.0359449070 
-0.0226423640 
-0.0068725774 
0.0063967841 
0.0154818650 
0.0216953690 
0.0273059930 
0.0330522250 
0.0358110720 
0.0322276820 
0.0240455630 
0.0157734580 
0.0110373350 
0.0097742022 
0.0088514738 
0.0056779136 
0.0006017242 
-0.0040547395 
-0.0044806893 
0.0007753871 
0.0091111930 
0.0173771660 
0.0236544600 
0.0255023890 
0.0227790970 
0.0201025730 
0.0224020970 
0.0292306540 
0.0367914800 
0.0422318950 
0.0427443320 
0.0361108280 
0.0185460660 
-0.0065531321 
-0.0283038650 
-0.0419333930 
-0.0467244740 
-0.0428147670 
-0.0345029100 
-0.0284370230 
-0.0269960380 
-0.0268629380 
-0.0187689550 
0.0010134507 
0.0232977310 
0.0349657740 
0.0289043160 
0.0112508360 
-0.0071151012 
-0.0213932560 
-0.0317317910 
-0.0348346820 
-0.0290261280 
-0.0184652320 
-0.0084844023 
-0.0019614445 
-0.0005013178 
-0.0030916129 
-0.0070535048 
-0.0102201500 
-0.0106499930 
-0.0081792621 
-0.0045308361 
-0.0012327598 
0.0006135214 
0.0002423555 
-0.0004253770 
0.0022658127 
0.0098595099 
0.0208179690 
0.0325153070 
0.0421585390 
0.0396360060 
0.0205894400 
-0.0029601728 
-0.0200886410 
-0.0303389120 
-0.0358366070 
-0.0348315050 
-0.0288805700 
-0.0234945790 
-0.0214150580 
-0.0209405350 
-0.0179375810 
-0.0091778892 
0.0048625630 
0.0192768690 
0.0262620310 
0.0243933330 
0.0195696230 
0.0168182610 
0.0172453120 
0.0200165240 
0.0236461910 
0.0259744900 
0.0247716720 
0.0189193130 
0.0077971762 
-0.0060792698 
-0.0149139280 
-0.0145474980 
-0.0100197830 
-0.0073533443 
-0.0074697921 
-0.0079895796 
-0.0072332427 
-0.0041469261 
0.0026108609 
0.0126319900 
0.0239571000 
0.0317467770 
0.0302920670 
0.0206805810 
0.0087053746 
-0.0016602047 
-0.0088762961 
-0.0118837160 
-0.0115507190 
-0.0084888682 
-0.0015780851 
0.0087011223 
0.0167388300 
0.0120745170 
-0.0050920047 
-0.0199450350 
-0.0187869820 
-0.0041021149 
0.0116440190 
0.0159872650 
0.0070711575 
-0.0068312384 
-0.0184113420 
-0.0270087660 
-0.0316311480 
-0.0254656500 
-0.0072104005 
0.0162654670 
0.0329234690 
0.0324815320 
0.0175323460 
-0.0022959193 
-0.0164032400 
-0.0167239360 
-0.0057727485 
0.0084857556 
0.0219803950 
0.0352786140 
0.0486657800 
0.0540075610 
0.0414493040 
0.0143397310 
-0.0162744990 
-0.0432995040 
-0.0647227610 
-0.0732248200 
-0.0588336490 
-0.0259080010 
0.0121696110 
0.0470745580 
0.0747955720 
0.0827568820 
0.0658212830 
0.0351947450 
0.0044274477 
-0.0193220260 
-0.0288228050 
-0.0230404620 
-0.0108437850 
-0.0057213217 
-0.0131359160 
-0.0271743390 
-0.0385684740 
-0.0409022010 
-0.0375240630 
-0.0362987440 
-0.0393777820 
-0.0420257660 
-0.0380875980 
-0.0237472610 
-0.0028010321 
0.0153559510 
0.0248500710 
0.0270174910 
0.0276253570 
0.0322474680 
0.0424450680 
0.0532918800 
0.0600099500 
0.0622231840 
0.0560777510 
0.0371054520 
0.0095206512 
-0.0160310760 
-0.0308939570 
-0.0313069830 
-0.0216363080 
-0.0116404070 
-0.0126890990 
-0.0268449890 
-0.0416822850 
-0.0406884800 
-0.0238080170 
-0.0048047373 
0.0047061894 
0.0065418669 
0.0117047390 
0.0234789590 
0.0348155720 
0.0412283600 
0.0473199460 
0.0512181430 
0.0398125610 
0.0107920030 
-0.0223785640 
-0.0458034620 
-0.0539428450 
-0.0479304190 
-0.0359309750 
-0.0300203810 
-0.0353514210 
-0.0465170280 
-0.0564497720 
-0.0627172800 
-0.0662893460 
-0.0668864990 
-0.0614908860 
-0.0416265430 
-0.0042863536 
0.0423528440 
0.0826791740 
0.0919809610 
0.0640332060 
0.0180861300 
-0.0243023550 
-0.0505190860 
-0.0529177920 
-0.0348674600 
-0.0086598183 
0.0158081740 
0.0288747010 
0.0221221710 
0.0000143781 
-0.0278812020 
-0.0559690090 
-0.0765317110 
-0.0831873730 
-0.0762610510 
-0.0627683420 
-0.0494467400 
-0.0385589510 
-0.0255653100 
-0.0038310172 
0.0259512560 
0.0581822360 
0.0858002350 
0.0983698100 
0.0945464580 
0.0817572220 
0.0659849390 
0.0503083630 
0.0385309310 
0.0319789310 
0.0269541780 
0.0199439880 
0.0126132720 
0.0079639524 
0.0055906630 
0.0026522298 
-0.0018325230 
-0.0044847485 
-0.0022181189 
0.0027363102 
0.0052766451 
0.0033498336 
-0.0019351557 
-0.0095240629 
-0.0185042500 
-0.0279135740 
-0.0368107610 
-0.0420558450 
-0.0400083900 
-0.0303621600 
-0.0165373950 
-0.0041167155 
0.0025158209 
0.0041162875 
0.0049337222 
0.0085586272 
0.0125486560 
0.0090251731 
-0.0027944607 
-0.0153604100 
-0.0218214250 
-0.0214978520 
-0.0163964810 
-0.0075516595 
0.0023317774 
0.0103846540 
0.0136113650 
0.0111237110 
0.0060885249 
0.0041606315 
0.0071794883 
0.0118626970 
0.0151440030 
0.0160644600 
0.0140949690 
0.0102545380 
0.0086538851 
0.0122906810 
0.0187742400 
0.0237017830 
0.0269302820 
0.0290158140 
0.0272550240 
0.0201442470 
0.0094884569 
-0.0004120652 
-0.0046347766 
-0.0014140697 
0.0044552423 
0.0082116985 
0.0096414508 
0.0116585340 
0.0166345900 
0.0238678260 
0.0298968750 
0.0306948150 
0.0263185060 
0.0197446400 
0.0130866770 
0.0052949930 
-0.0053854852 
-0.0174176510 
-0.0267355780 
-0.0300863080 
-0.0267036830 
-0.0175653880 
-0.0057872359 
0.0043019115 
0.0111896590 
0.0142766320 
0.0120331990 
0.0057671601 
-0.0011434977 
-0.0070069228 
-0.0127226180 
-0.0193391130 
-0.0257352060 
-0.0281763200 
-0.0232530860 
-0.0120462470 
0.0016257198 
0.0138439900 
0.0185901630 
0.0132068930 
0.0020139105 
-0.0094044670 
-0.0186568450 
-0.0227794960 
-0.0194100830 
-0.0121463980 
-0.0060169326 
-0.0027179923 
-0.0014341790 
-0.0007265280 
0.0002389577 
0.0021750484 
0.0054711731 
0.0082968851 
0.0072382713 
0.0021303774 
-0.0019597187 
0.0006538175 
0.0093590816 
0.0194080750 
0.0252101970 
0.0228471040 
0.0142947160 
0.0038310543 
-0.0068240061 
-0.0175879100 
-0.0270087230 
-0.0323087230 
-0.0324190950 
-0.0286190840 
-0.0217808900 
-0.0141090650 
-0.0083363729 
-0.0043626967 
-0.0003300477 
0.0044019552 
0.0078354461 
0.0082254879 
0.0064656813 
0.0047724846 
0.0055867811 
0.0096268637 
0.0153147250 
0.0208315300 
0.0242973340 
0.0236439050 
0.0184142120 
0.0080032978 
-0.0043515313 
-0.0137954060 
-0.0186118580 
-0.0186197430 
-0.0152330220 
-0.0111724160 
-0.0098955361 
-0.0125850520 
-0.0166163280 
-0.0166771620 
-0.0105820710 
-0.0013036598 
0.0056564069 
0.0059602807 
0.0008658145 
-0.0052938256 
-0.0084956917 
-0.0069964419 
-0.0025718062 
0.0021110759 
0.0055772767 
0.0073164848 
0.0078561231 
0.0083654118 
0.0100045830 
0.0123494640 
0.0118713870 
0.0063675408 
-0.0013669414 
-0.0077507724 
-0.0120783920 
-0.0143797600 
-0.0141316940 
-0.0118793360 
-0.0091615784 
-0.0079988604 
-0.0090844048 
-0.0104668200 
-0.0100273050 
-0.0078983459 
-0.0050925261 
-0.0013697086 
0.0026877689 
0.0060011802 
0.0099197530 
0.0169115030 
0.0263732220 
0.0349542000 
0.0382623720 
0.0346021140 
0.0264070970 
0.0159054400 
0.0044263245 
-0.0053706986 
-0.0107112690 
-0.0119955480 
-0.0121863140 
-0.0143312410 
-0.0189791000 
-0.0229540290 
-0.0220018060 
-0.0158284520 
-0.0069476455 
0.0024546419 
0.0109243420 
0.0170540910 
0.0209622310 
0.0225428190 
0.0209728360 
0.0169387470 
0.0125006780 
0.0100658170 
0.0100431600 
0.0098228141 
0.0069814858 
0.0020529360 
-0.0022414982 
-0.0036081825 
-0.0025984298 
-0.0018440687 
-0.0038241268 
-0.0083538518 
-0.0135509940 
-0.0180272620 
-0.0202823480 
-0.0191454920 
-0.0155989750 
-0.0117747970 
-0.0102488320 
-0.0122120050 
-0.0162403240 
-0.0192984150 
-0.0176373840 
-0.0106797580 
-0.0008425292 
0.0094058487 
0.0190737810 
0.0256670070 
0.0250158000 
0.0176765510 
0.0081633929 
0.0016574553 
0.0017007466 
0.0066267387 
0.0114649910 
0.0132775490 
0.0124945880 
0.0106698650 
0.0086275742 
0.0059723258 
0.0023780103 
-0.0018008864 
-0.0063795873 
-0.0116181280 
-0.0173359190 
-0.0217535250 
-0.0226265090 
-0.0184311360 
-0.0098830003 
-0.0010307929 
0.0039740879 
0.0052867115 
0.0060068498 
0.0083744789 
0.0117786860 
0.0130538990 
0.0102398510 
0.0051811849 
0.0016955628 
0.0012818026 
0.0019388573 
0.0010833015 
-0.0014575889 
-0.0039000418 
-0.0051301755 
-0.0058695798 
-0.0072091326 
-0.0092563378 
-0.0115467380 
-0.0143567690 
-0.0179892700 
-0.0202487720 
-0.0183792050 
-0.0117445120 
-0.0028831887 
0.0033480821 
0.0051099907 
0.0049099291 
0.0056404558 
0.0065779566 
0.0052922137 
0.0015411344 
-0.0031208720 
-0.0075002698 
-0.0110300980 
-0.0116421310 
-0.0080468027 
-0.0023614417 
0.0023150877 
0.0052211756 
0.0071882918 
0.0079311456 
0.0069033286 
0.0047398082 
0.0027723635 
0.0016548940 
0.0013135260 
0.0014680634 
0.0018075617 
0.0020002728 
0.0018038402 
0.0012955528 
0.0005026011 
-0.0010496749 
-0.0035357319 
-0.0065026156 
-0.0090867696 
-0.0098915545 
-0.0083772211 
-0.0052360996 
-0.0015765331 
0.0019751406 
0.0053502011 
0.0075875361 
0.0069044967 
0.0035001401 
-0.0003945040 
-0.0028347584 
-0.0037661451 
-0.0037834175 
-0.0032095999 
-0.0020733922 
-0.0004681027 
0.0012888212 
0.0024496660 
0.0023548583 
0.0013285021 
0.0004466261 
0.0005199361 
0.0013414631 
0.0022450965 
0.0025862437 
0.0017870949 
-0.0000031189 
-0.0021194649 
-0.0039839826 
-0.0049710013 
-0.0046688754 
-0.0027590214 
0.0005349768 
0.0038877055 
0.0053966335 
0.0050292195 
0.0052731094 
0.0079341514 
0.0113305310 
0.0115935050 
0.0078498979 
0.0031418922 
0.0005122173 
-0.0000678480 
-0.0003664675 
-0.0017486470 
-0.0045429973 
-0.0075938112 
-0.0083857540 
-0.0060335753 
-0.0021838947 
0.0007562835 
0.0017645304 
0.0017130894 
0.0017998807 
0.0027683193 
0.0050662614 
0.0074056885 
0.0079684397 
0.0067906209 
0.0051734426 
0.0043089530 
0.0050650520 
0.0072669612 
0.0096701265 
0.0105172060 
0.0093623082 
0.0074427119 
0.0062030887 
0.0058776020 
0.0057605852 
0.0046961735 
0.0017024646 
-0.0027963489 
-0.0074223625 
-0.0111998300 
-0.0140342350 
-0.0151282910 
-0.0137894940 
-0.0108340480 
-0.0075978853 
-0.0043394499 
-0.0003318555 
0.0040284641 
0.0070782680 
0.0083414513 
0.0091822554 
0.0113898760 
0.0151099930 
0.0181266370 
0.0176169560 
0.0137524920 
0.0088667518 
0.0045406233 
0.0007032363 
-0.0032091611 
-0.0071023474 
-0.0106128620 
-0.0137349070 
-0.0167415080 
-0.0194823990 
-0.0208855340 
-0.0200293240 
-0.0169875300 
-0.0128762890 
-0.0083710672 
-0.0027577080 
0.0042662130 
0.0110778560 
0.0156598310 
0.0172325200 
0.0166472330 
0.0152338200 
0.0131835090 
0.0102508410 
0.0065178452 
0.0021425058 
-0.0024526604 
-0.0064591648 
-0.0088389308 
-0.0093855421 
-0.0090325450 
-0.0089554498 
-0.0099186917 
-0.0109645060 
-0.0105288510 
-0.0084041447 
-0.0051844713 
-0.0015261057 
0.0022048209 
0.0059501473 
0.0096930898 
0.0122965930 
0.0117427310 
0.0081607006 
0.0037443171 
0.0010566053 
0.0008094118 
0.0016869928 
0.0022784674 
0.0019803017 
0.0009857167 
0.0000863958 
-0.0002386293 
-0.0002004231 
-0.0001962441 
-0.0004705245 
-0.0016520571 
-0.0042052305 
-0.0074914662 
-0.0093115880 
-0.0079618940 
-0.0043442598 
-0.0004086305 
0.0028543492 
0.0050478715 
0.0059304227 
0.0059078247 
0.0056513256 
0.0053396547 
0.0043245387 
0.0022365757 
-0.0004591609 
-0.0028345846 
-0.0039102186 
-0.0036973071 
-0.0030811348 
-0.0030476970 
-0.0038979193 
-0.0051727845 
-0.0063511858 
-0.0070254367 
-0.0069052061 
-0.0061944298 
-0.0054422033 
-0.0053544256 
-0.0061445771 
-0.0073701680 
-0.0083312446 
-0.0082154308 
-0.0069356375 
-0.0052409850 
-0.0043641981 
-0.0050026072 
-0.0066143510 
-0.0082968780 
-0.0094734353 
-0.0093322934 
-0.0075684333 
-0.0049132767 
-0.0022563652 
0.0000609851 
0.0020273217 
0.0037562347 
0.0054095318 
0.0072957437 
0.0097495081 
0.0126789210 
0.0155849220 
0.0179173950 
0.0193755600 
0.0201102230 
0.0205315260 
0.0206635080 
0.0203042860 
0.0195417880 
0.0186401560 
0.0173443660 
0.0150073920 
0.0117569190 
0.0088794657 
0.0075256548 
0.0073841141 
0.0073409795 
0.0066128766 
0.0053000073 
0.0039134402 
0.0026112983 
0.0009004026 
-0.0011515056 
-0.0026482490 
-0.0031513888 
-0.0029582946 
-0.0026151295 
-0.0023927029 
-0.0022341925 
-0.0020769528 
-0.0022792174 
-0.0031957093 
-0.0047067855 
-0.0064772420 
-0.0082640498 
-0.0100111720 
-0.0115996300 
-0.0124198640 
-0.0121668900 
-0.0112993480 
-0.0103025440 
-0.0087899984 
-0.0062871122 
-0.0032444801 
-0.0007516431 
0.0001219505 
-0.0005599717 
-0.0018056393 
-0.0028631178 
-0.0037560210 
-0.0049669834 
-0.0066788770 
-0.0085686487 
-0.0097635753 
-0.0095451886 
-0.0084710902 
-0.0078079314 
-0.0080154988 
-0.0086068616 
-0.0089118522 
-0.0082220762 
-0.0063618755 
-0.0039043076 
-0.0016099047 
0.0000077496 
0.0010545767 
0.0018943288 
0.0021441775 
0.0010931813 
-0.0010536123 
-0.0034898964 
-0.0057100025 
-0.0075529843 
-0.0079741378 
-0.0060660609 
-0.0025445094 
0.0012344300 
0.0045839794 
0.0068206734 
0.0067601703 
0.0045603259 
0.0017031242 
-0.0002136063 
-0.0008109389 
-0.0008602346 
-0.0011297318 
-0.0019698606 
-0.0033456405 
-0.0049523201 
-0.0065469489 
-0.0080549297 
-0.0091960519 
-0.0096347983 
-0.0095183719 
-0.0092657539 
-0.0090814347 
-0.0081802451 
-0.0051369840 
-0.0001980251 
0.0043353380 
0.0068047964 
0.0079586461 
0.0097418014 
0.0126890850 
0.0149504030 
0.0150464450 
0.0136358740 
0.0121557150 
0.0112047590 
0.0105131530 
0.0098727437 
0.0093700291 
0.0090671325 
0.0088784970 
0.0084833055 
0.0070428857 
0.0042472297 
0.0012563471 
-0.0001629877 
0.0001984944 
0.0011839442 
0.0017984640 
0.0015731121 
0.0005100225 
-0.0009614805 
-0.0024235602 
-0.0034226888 
-0.0034638931 
-0.0025924119 
-0.0012907201 
0.0000169228 
0.0011799719 
0.0018303698 
0.0015417840 
0.0005187691 
-0.0006846700 
-0.0017490230 
-0.0026910082 
-0.0035428132 
-0.0042728783 
-0.0048975087 
-0.0054819133 
-0.0061753646 
-0.0075987899 
-0.0100056590 
-0.0115519230 
-0.0103058130 
-0.0069251074 
-0.0034867311 
-0.0010194622 
0.0009301680 
0.0030886257 
0.0054538844 
0.0069752585 
0.0069283147 
0.0058204736 
0.0044046254 
0.0029592248 
0.0013158943 
-0.0007994993 
-0.0029629371 
-0.0040124468 
-0.0036454737 
-0.0026455303 
-0.0017908321 
-0.0012106305 
-0.0006461335 
0.0000614603 
0.0006692934 
0.0005455759 
-0.0004633023 
-0.0017538216 
-0.0023615571 
-0.0019909208 
-0.0013740405 
-0.0014092868 
-0.0021541392 
-0.0030755657 
-0.0035828658 
-0.0030017219 
-0.0012877892 
0.0009191565 
0.0030576622 
0.0050384240 
0.0069034461 
0.0079774142 
0.0076182061 
0.0062563460 
0.0049444403 
0.0043087329 
0.0041264956 
0.0038575910 
0.0032582146 
0.0024870954 
0.0017665803 
0.0011401294 
0.0005249411 
-0.0001367753 
-0.0008277675 
-0.0013929611 
-0.0012509545 
-0.0000726736 
0.0017296410 
0.0035662765 
0.0052220474 
0.0067965640 
0.0083628619 
0.0098903294 
0.0112305080 
0.0122059650 
0.0128805770 
0.0134733780 
0.0141196140 
0.0147610060 
0.0148392410 
0.0137373360 
0.0113462220 
0.0076232632 
0.0031975804 
-0.0005863618 
-0.0031877242 
-0.0050307473 
-0.0063605955 
-0.0071829143 
-0.0073521620 
-0.0067384285 
-0.0054845231 
-0.0037380129 
-0.0016786359 
0.0004934323 
0.0025770313 
0.0036761871 
0.0027811265 
0.0003718860 
-0.0019925740 
-0.0033608395 
-0.0038727458 
-0.0040911489 
-0.0043708414 
-0.0047105484 
-0.0049935423 
-0.0051974188 
-0.0053858997 
-0.0055632957 
-0.0055655443 
-0.0053030601 
-0.0048873903 
-0.0044718986 
-0.0041074070 
-0.0038045467 
-0.0039005946 
-0.0047561147 
-0.0061813832 
-0.0076435912 
-0.0087652046 
-0.0095346186 
-0.0098121159 
-0.0094520033 
-0.0086659437 
-0.0077821618 
-0.0068723680 
-0.0058402133 
-0.0046719054 
-0.0034546893 
-0.0022632962 
-0.0011292923 
-0.0003014608 
-0.0000921227 
-0.0003964442 
-0.0010313342 
-0.0020250816 
-0.0031650429 
-0.0040881396 
-0.0047241847 
-0.0052591982 
-0.0058510774 
-0.0064584696 
-0.0068140287 
-0.0067799555 
-0.0062678512 
-0.0044331750 
-0.0014671503 
0.0008497871 
0.0016846637 
0.0017453556 
0.0020237169 
0.0029320733 
0.0042359810 
0.0055427875 
0.0067219995 
0.0078719353 
0.0089011540 
0.0090558645 
0.0079398637 
0.0060898796 
0.0042313157 
0.0026408272 
0.0014686980 
0.0008818774 
0.0007347347 
0.0006825679 
0.0003864179 
-0.0002480665 
-0.0010467568 
-0.0018233683 
-0.0024789400 
-0.0028695766 
-0.0027796542 
-0.0018601146 
-0.0001654012 
0.0018070674 
0.0033924390 
0.0042356355 
0.0046017190 
0.0049325705 
0.0053986357 
0.0058893750 
0.0060802520 
0.0056010727 
0.0040917557 
0.0016075087 
-0.0012913761 
-0.0036676599 
-0.0046102797 
-0.0043050149 
-0.0036458989 
-0.0032184533 
-0.0029955936 
-0.0027244083 
-0.0021585837 
-0.0009303027 
0.0009840920 
0.0030131152 
0.0040634953 
0.0037335370 
0.0026903764 
0.0017095901 
0.0009934219 
0.0004737728 
0.0002407042 
0.0003154741 
0.0005512806 
0.0007810496 
0.0008543470 
0.0006735818 
0.0003120943 
-0.0000155473 
0.0000115276 
0.0004734923 
0.0011413915 
0.0017801866 
0.0022677636 
0.0024805583 
0.0024294107 
0.0022650399 
0.0021142376 
0.0020060421 
0.0020858425 
0.0026810066 
0.0037985651 
0.0051100327 
0.0061535359 
0.0065542425 
0.0064256628 
0.0059896943 
0.0050361982 
0.0034549884 
0.0015295352 
-0.0002412151 
-0.0012497828 
-0.0014163874 
-0.0012223650 
-0.0011441473 
-0.0014821890 
-0.0022531372 
-0.0030838493 
-0.0034969813 
-0.0034536458 
-0.0032629633 
-0.0031657673 
-0.0033159427 
-0.0039147971 
-0.0049203402 
-0.0060457208 
-0.0068386958 
-0.0070330201 
-0.0068356751 
-0.0066001506 
-0.0064704527 
-0.0063809349 
-0.0062462945 
-0.0060664633 
-0.0058877169 
-0.0057331652 
-0.0055329904 
-0.0050183632 
-0.0040566512 
-0.0029522653 
-0.0022851520 
-0.0022211560 
-0.0024281408 
-0.0025608601 
-0.0024246044 
-0.0019004557 
-0.0012258936 
-0.0008270161 
-0.0007862227 
-0.0008716728 
-0.0008277547 
-0.0004404541 
0.0002869979 
0.0011206483 
0.0017527161 
0.0020876752 
0.0022811925 
0.0025229557 
0.0030215157 
0.0038923480 
0.0050025310 
0.0061450030 
0.0072328438 
0.0082987726 
0.0093818954 
0.0101974780 
0.0099831372 
0.0085893471 
0.0066865345 
0.0051676569 
0.0044949495 
0.0043707431 
0.0042791256 
0.0040247995 
0.0037184869 
0.0034862005 
0.0033210824 
0.0031499294 
0.0029041676 
0.0025217320 
0.0020082615 
0.0012645886 
0.0000903407 
-0.0014479320 
-0.0029077275 
-0.0037542382 
-0.0039915982 
-0.0040376082 
-0.0043283998 
-0.0052473761 
-0.0065733760 
-0.0071643812 
-0.0063829826 
-0.0047877797 
-0.0032416666 
-0.0023138291 
-0.0021112824 
-0.0022751903 
-0.0023153932 
-0.0018288085 
-0.0008554432 
0.0001297041 
0.0006710172 
0.0008032330 
0.0008590864 
0.0013491007 
0.0029099476 
0.0053206059 
0.0072335490 
0.0077949255 
0.0074753050 
0.0070112185 
0.0065601735 
0.0059781165 
0.0053301075 
0.0048782691 
0.0046924947 
0.0046194059 
0.0044252504 
0.0036311394 
0.0019791514 
-0.0001912547 
-0.0023979067 
-0.0044623286 
-0.0063563362 
-0.0073076670 
-0.0065528892 
-0.0045554063 
-0.0023317674 
-0.0004011089 
0.0011835268 
0.0022213547 
0.0026674509 
0.0028023768 
0.0029282464 
0.0031374862 
0.0033666829 
0.0035562151 
0.0036751793 
0.0034424847 
0.0025678161 
0.0012144753 
-0.0002223997 
-0.0013508963 
-0.0019389712 
-0.0021454874 
-0.0022929221 
-0.0026823842 
-0.0034919299 
-0.0045997432 
-0.0057646251 
-0.0068112594 
-0.0075378416 
-0.0078954613 
-0.0080642603 
-0.0082359012 
-0.0084241379 
-0.0084187460 
-0.0080959203 
-0.0075850218 
-0.0070741974 
-0.0066257287 
-0.0061697655 
-0.0056210701 
-0.0049887979 
-0.0043398837 
-0.0037182433 
-0.0031658463 
-0.0027262061 
-0.0023747446 
-0.0020474096 
-0.0017061805 
-0.0013539298 
-0.0010459968 
-0.0009824182 
-0.0012749086 
-0.0017790079 
-0.0021679372 
-0.0019724561 
-0.0011092763 
0.0000524933 
0.0011635728 
0.0021565153 
0.0029491406 
0.0032053655 
0.0028739321 
0.0022718954 
0.0015928902 
0.0007171383 
-0.0004032542 
-0.0014850744 
-0.0022124251 
-0.0027876629 
-0.0038480211 
-0.0055911402 
-0.0075817383 
-0.0087766577 
-0.0083417362 
-0.0067060348 
-0.0048580665 
-0.0032922330 
-0.0018788649 
-0.0004400052 
0.0007878887 
0.0015824890 
0.0022066970 
0.0032357499 
0.0046730884 
0.0057894226 
0.0061881554 
0.0061782949 
0.0062135048 
0.0064236428 
0.0066746718 
0.0068105080 
0.0067247623 
0.0064489260 
0.0061100773 
0.0058347459 
0.0057548365 
0.0058812353 
0.0062330287 
0.0064393311 
0.0065498592 
0.0063765509 
0.0058535468 
0.0051587771 
0.0046108752 
0.0044024602 
0.0044219313 
0.0044584717 
0.0044261870 
0.0043647758 
0.0042641175 
0.0039902969 
0.0035081944 
0.0029278489 
0.0023315936 
0.0016766793 
0.0009262634 
0.0001191967 
-0.0006826780 
-0.0013423171 
-0.0015102265 
-0.0010908387 
-0.0003839691 
0.0002527571 
0.0004125107 
-0.0001313619 
-0.0010456364 
-0.0016197916 
-0.0015489251 
-0.0011384876 
-0.0007781350 
-0.0005720412 
-0.0005261712 
-0.0007098579 
-0.0010927469 
-0.0015456736 
-0.0018307352 
-0.0016026062 
-0.0008564703 
0.0000855974 
0.0009284023 
0.0013876704 
0.0013113137 
0.0009294643 
0.0007127913 
0.0008882386 
0.0012841068 
0.0016060407 
0.0016205039 
0.0013425956 
0.0010823165 
0.0012505450 
0.0018760393 
0.0025881718 
0.0028773353 
0.0026164721 
0.0021114519 
0.0016644861 
0.0013246323 
0.0010078310 
0.0007343636 
0.0005821318 
0.0004311133 
-0.0002684977 
-0.0018029605 
-0.0036749392 
-0.0049237548 
-0.0052183486 
-0.0050514563 
-0.0049689443 
-0.0050776569 
-0.0051957072 
-0.0050626053 
-0.0044506347 
-0.0034572206 
-0.0024072330 
-0.0017175638 
-0.0015740886 
-0.0017489953 
-0.0019321399 
-0.0019766506 
