-0.0006112830 
-0.0006166288 
-0.0006217718 
-0.0006266998 
-0.0006313787 
-0.0006357483 
-0.0006397534 
-0.0006437673 
-0.0006487040 
-0.0006537926 
-0.0006542245 
-0.0006491508 
-0.0006498571 
-0.0006631245 
-0.0006824964 
-0.0007045897 
-0.0007215007 
-0.0006950163 
-0.0006373731 
-0.0006096171 
-0.0006086901 
-0.0005782087 
-0.0005617980 
-0.0006547555 
-0.0008861437 
-0.0011576250 
-0.0010810495 
-0.0004280465 
0.0002129462 
0.0001632266 
-0.0005710002 
-0.0014218661 
-0.0016831320 
-0.0012689137 
-0.0006324841 
-0.0003034910 
-0.0003663737 
-0.0008044999 
-0.0017412383 
-0.0019462822 
-0.0000767932 
0.0022395524 
0.0021993906 
-0.0006372691 
-0.0044911081 
-0.0073607022 
-0.0061167330 
-0.0004192991 
0.0022273111 
-0.0027158046 
-0.0097903183 
-0.0056396707 
0.0059308961 
0.0099245607 
0.0017611327 
-0.0067958296 
-0.0006691996 
0.0148742780 
0.0195099430 
0.0054549934 
-0.0139686840 
-0.0135322770 
0.0040693819 
0.0138430160 
0.0047198281 
-0.0117763910 
-0.0150812130 
-0.0008331327 
0.0116376020 
0.0063258731 
-0.0119650530 
-0.0218765650 
-0.0078779606 
0.0149301720 
0.0218546570 
0.0128042230 
0.0030718393 
-0.0025991352 
-0.0074548872 
-0.0052671847 
0.0024360622 
0.0021389410 
-0.0111373180 
-0.0221460790 
-0.0105319680 
0.0113607900 
0.0137273170 
-0.0102336870 
-0.0387201010 
-0.0335455840 
-0.0003861075 
0.0239876700 
0.0281253580 
0.0132000760 
-0.0151622190 
-0.0270457190 
0.0088589774 
0.0495931090 
0.0429628770 
-0.0015524027 
-0.0283818450 
-0.0134719100 
0.0108119400 
0.0170340230 
0.0153998490 
0.0181946080 
0.0166972090 
0.0022150326 
-0.0140886810 
-0.0057807044 
0.0153783490 
0.0159299510 
-0.0048904295 
-0.0221146840 
-0.0269275970 
-0.0199478890 
-0.0010900951 
0.0149546480 
0.0188801090 
0.0137652440 
0.0028601515 
0.0125560770 
0.0423837190 
0.0517622310 
0.0235761420 
-0.0183567940 
-0.0164767730 
0.0325983190 
0.0612888010 
0.0346354250 
-0.0206513360 
-0.0440289560 
-0.0126984420 
0.0293386110 
0.0498130420 
0.0381367250 
0.0001542928 
-0.0469898500 
-0.0671212860 
-0.0172236190 
0.0504575370 
0.0451343270 
-0.0295573840 
-0.0770065400 
-0.0516117520 
-0.0007823096 
0.0256609460 
0.0213456820 
0.0035576654 
-0.0089049533 
-0.0084399470 
-0.0034820620 
0.0030064885 
0.0041191446 
-0.0078108065 
-0.0253309630 
-0.0295682790 
-0.0132523790 
0.0176025920 
0.0446944250 
0.0453443200 
0.0209670150 
0.0055189204 
0.0274675660 
0.0589236610 
0.0481100420 
-0.0114176690 
-0.0867870070 
-0.1300000000 
-0.0716262480 
0.0191391290 
0.0218744270 
-0.0551586700 
-0.1065059400 
-0.0809586460 
-0.0193378030 
0.0162989550 
0.0160151820 
0.0090139893 
0.0138907650 
0.0206457310 
0.0154797440 
0.0000188053 
-0.0148762850 
-0.0159989080 
-0.0012720963 
0.0135268700 
0.0273276460 
0.0364333830 
0.0227653960 
-0.0075012280 
-0.0103865530 
0.0261986960 
0.0528581150 
0.0332349110 
-0.0181925430 
-0.0611100420 
-0.0512805860 
0.0046836093 
0.0435914850 
0.0249056850 
-0.0189609400 
-0.0341788990 
-0.0217998000 
-0.0079317743 
0.0071138341 
0.0242513680 
0.0253507250 
0.0052833595 
-0.0068617554 
-0.0030842586 
-0.0069913885 
-0.0119185370 
0.0063569346 
0.0223101470 
0.0063368132 
-0.0143432560 
0.0028178668 
0.0320686250 
0.0315756900 
0.0056946375 
-0.0089533813 
0.0008638169 
0.0095942347 
-0.0033583904 
-0.0176324980 
-0.0082734046 
0.0061173263 
-0.0022349570 
-0.0214925930 
-0.0226393490 
-0.0028440439 
0.0139801850 
0.0119797430 
0.0001258690 
-0.0027875876 
0.0052461153 
0.0106837040 
0.0082110160 
0.0055700172 
0.0006551828 
-0.0139620430 
-0.0290398550 
-0.0237765970 
0.0023015542 
0.0206262530 
0.0107318760 
-0.0146951840 
-0.0270208700 
-0.0189404620 
-0.0015581315 
0.0082845629 
-0.0035745590 
-0.0251371190 
-0.0255727960 
-0.0028817923 
0.0135758380 
0.0122910730 
0.0102105020 
0.0055576891 
-0.0086429270 
0.0019243217 
0.0382796890 
0.0524992040 
0.0234175250 
-0.0217348720 
-0.0343131260 
-0.0140372170 
-0.0037222381 
-0.0077122137 
0.0064386608 
0.0279435050 
0.0192012110 
-0.0084991537 
-0.0182253320 
-0.0043026703 
0.0059330453 
-0.0017539510 
-0.0134110170 
-0.0094156802 
0.0099165916 
0.0170596160 
-0.0042767165 
-0.0310518860 
-0.0338221330 
-0.0152870540 
0.0128059960 
0.0325234370 
0.0191568120 
-0.0082406742 
0.0009629133 
0.0271951040 
0.0256167290 
-0.0006031852 
-0.0231771440 
-0.0214324590 
0.0042131326 
0.0255549900 
0.0115730240 
-0.0264583580 
-0.0379581640 
0.0032723169 
0.0522223920 
0.0531400420 
0.0041524655 
-0.0456837610 
-0.0318101750 
0.0277331980 
0.0491525280 
0.0108675780 
-0.0355555860 
-0.0410557370 
0.0005445443 
0.0490226430 
0.0545711200 
0.0085798962 
-0.0467145420 
-0.0548960380 
-0.0058491925 
0.0418807640 
0.0356633080 
-0.0158549300 
-0.0552164470 
-0.0298623430 
0.0254577610 
0.0405119950 
0.0015610075 
-0.0490086310 
-0.0611475600 
-0.0288980740 
-0.0002707997 
0.0025272865 
0.0120887640 
0.0211131750 
-0.0037009126 
-0.0393577440 
-0.0344084130 
0.0076191380 
0.0324163640 
0.0117496080 
-0.0083536071 
0.0208509150 
0.0561011770 
0.0340956680 
-0.0321302920 
-0.0516009070 
0.0107022400 
0.0723868870 
0.0628397520 
-0.0006511016 
-0.0484209200 
-0.0333277890 
0.0138558020 
0.0311636070 
0.0001439925 
-0.0356054950 
-0.0339177840 
-0.0017669359 
0.0207698220 
0.0215369490 
0.0166157510 
0.0080950910 
-0.0067092080 
-0.0183821760 
-0.0245512990 
-0.0225275550 
-0.0016664194 
0.0119765030 
-0.0037960696 
-0.0254535210 
-0.0207625680 
0.0125171140 
0.0368066640 
0.0263520150 
0.0069372063 
0.0124698760 
0.0350271030 
0.0382225910 
0.0194085480 
0.0025410647 
-0.0060381185 
-0.0208960440 
-0.0297052950 
-0.0024285207 
0.0434345310 
0.0516044980 
0.0055918448 
-0.0439841260 
-0.0314472420 
0.0131511590 
0.0174245340 
-0.0127835850 
-0.0238643230 
0.0017936508 
0.0246667200 
0.0139416310 
-0.0096123988 
-0.0183970480 
-0.0060765187 
0.0176501590 
0.0408669950 
0.0473043110 
0.0194298790 
-0.0201416960 
-0.0287046400 
-0.0086375413 
0.0119091230 
0.0133174670 
-0.0037441912 
-0.0182151010 
-0.0159771890 
-0.0019239867 
0.0152054000 
0.0213903290 
0.0068865043 
-0.0072203713 
-0.0108246820 
-0.0164360880 
-0.0275183880 
-0.0255739710 
-0.0047567074 
0.0079324238 
-0.0077754489 
-0.0334471370 
-0.0317252950 
0.0018150734 
0.0293270880 
0.0215188290 
-0.0120326080 
-0.0412492300 
-0.0377560230 
-0.0032343357 
0.0253942120 
0.0195711930 
-0.0085515736 
-0.0255046280 
-0.0179679320 
0.0003961725 
0.0091726208 
0.0026634555 
-0.0073763486 
-0.0092363303 
0.0005554933 
0.0078348527 
-0.0084917173 
-0.0372461210 
-0.0402127360 
-0.0072630544 
0.0323890630 
0.0442058690 
0.0195389740 
-0.0090735828 
-0.0054225877 
0.0096632788 
0.0090326278 
0.0079648697 
0.0110430670 
0.0026873900 
0.0075142837 
0.0065959248 
-0.0182075910 
-0.0304972270 
-0.0142169030 
0.0091316438 
0.0158983590 
0.0015233576 
-0.0120072050 
-0.0082386746 
0.0034442093 
0.0024809647 
-0.0108943900 
-0.0215275710 
-0.0214468430 
-0.0135767060 
-0.0044708524 
0.0027600167 
0.0071539288 
0.0054860294 
0.0039742343 
0.0042409042 
-0.0047622683 
-0.0186114350 
-0.0253092740 
-0.0205909100 
-0.0100628390 
-0.0002950834 
0.0065151721 
0.0084177326 
0.0117447840 
0.0170382550 
0.0095462956 
-0.0101418520 
-0.0164856690 
-0.0011652300 
0.0087278584 
-0.0001814112 
0.0002458512 
0.0267799710 
0.0536147910 
0.0543081590 
0.0290468170 
-0.0054348458 
-0.0268912250 
-0.0207798640 
0.0018163126 
0.0138677340 
0.0045947014 
-0.0105356250 
-0.0096242650 
0.0091825312 
0.0272570770 
0.0281928840 
0.0142220330 
-0.0004898445 
-0.0068067820 
-0.0029347887 
0.0079509090 
0.0163383700 
0.0129245560 
-0.0002103771 
-0.0097376285 
-0.0099918607 
-0.0112019760 
-0.0209988700 
-0.0207719530 
0.0029957046 
0.0168957300 
0.0067834029 
-0.0002876206 
0.0025581531 
-0.0008949280 
-0.0087317992 
-0.0042267341 
0.0097027232 
0.0104731270 
-0.0056784518 
-0.0092276606 
0.0089239129 
0.0186309640 
0.0053537070 
-0.0159301410 
-0.0251281360 
-0.0127544450 
0.0072995542 
0.0119449840 
0.0010104706 
-0.0078652844 
-0.0066425735 
-0.0010007077 
0.0002999383 
-0.0075761469 
-0.0121650260 
-0.0007426470 
0.0146407060 
0.0218004350 
0.0188629890 
0.0049187653 
-0.0155124090 
-0.0250446710 
-0.0108761460 
0.0176722340 
0.0329566760 
0.0190081710 
-0.0056156465 
-0.0118068010 
-0.0030437699 
0.0005986223 
-0.0043075036 
-0.0050308443 
0.0009121011 
-0.0014087747 
-0.0155582830 
-0.0207733980 
-0.0078526811 
-0.0018921013 
-0.0109388260 
-0.0137591360 
-0.0238085830 
-0.0411352390 
-0.0398613770 
-0.0134219060 
0.0216629960 
0.0448208220 
0.0455363830 
0.0321524770 
0.0229785570 
0.0258933650 
0.0330324920 
0.0348553800 
0.0307992960 
0.0258608170 
0.0228326450 
0.0203890690 
0.0144441180 
0.0021442217 
-0.0086469846 
-0.0194981870 
-0.0258091490 
-0.0170850850 
0.0001140764 
0.0082980419 
0.0030213562 
-0.0047729216 
-0.0101364950 
-0.0170842750 
-0.0284333890 
-0.0382113810 
-0.0339749110 
-0.0138589620 
0.0060307244 
0.0085407656 
-0.0016644585 
-0.0099720035 
-0.0091215656 
-0.0032991596 
0.0005458943 
0.0013491796 
-0.0012684167 
-0.0060051786 
-0.0020769209 
0.0057050587 
0.0015491859 
-0.0107398380 
-0.0156047330 
-0.0152489750 
-0.0168435150 
-0.0146776400 
-0.0033872619 
0.0061370602 
-0.0010741794 
-0.0097280392 
-0.0048667285 
-0.0007106915 
-0.0053467719 
-0.0011190913 
0.0124744810 
0.0121572610 
-0.0050760708 
-0.0120215740 
-0.0000437271 
0.0132006890 
0.0168682830 
0.0145382160 
0.0068013634 
-0.0062300629 
-0.0147149750 
-0.0144306180 
-0.0125267540 
-0.0142600250 
-0.0176367960 
-0.0184764410 
-0.0094117832 
0.0050311764 
0.0026153618 
-0.0090391957 
-0.0063097027 
0.0097949962 
0.0196753470 
0.0162184680 
0.0093433229 
0.0070627059 
0.0060602133 
0.0019182755 
-0.0033926651 
-0.0053373724 
0.0000983472 
0.0124331310 
0.0189355070 
0.0087865836 
-0.0150650930 
-0.0325857090 
-0.0229849420 
0.0037435374 
0.0206559190 
0.0192187990 
0.0109413660 
0.0016799385 
-0.0117829810 
-0.0252350480 
-0.0153391380 
0.0077383908 
0.0061042684 
-0.0177222390 
-0.0239241280 
-0.0040163585 
0.0124757870 
0.0075720893 
-0.0062120951 
-0.0092829046 
-0.0000326802 
0.0120765840 
0.0190123010 
0.0191275040 
0.0146188270 
0.0048355036 
-0.0032872482 
-0.0015796292 
0.0044737934 
0.0056745205 
0.0013362604 
-0.0013154793 
0.0066812933 
0.0220180320 
0.0333731670 
0.0366411140 
0.0356408160 
0.0265086250 
0.0058892748 
-0.0098098034 
-0.0099997423 
0.0001231841 
0.0095249497 
0.0103289150 
0.0076860877 
0.0112160100 
0.0174380560 
0.0163095080 
0.0071967170 
-0.0051797414 
-0.0172384260 
-0.0186507840 
-0.0044772555 
0.0125869680 
0.0134326630 
0.0001928642 
-0.0096804213 
-0.0095539875 
-0.0060162325 
-0.0052381162 
-0.0075306307 
-0.0076159343 
-0.0033932081 
-0.0018722157 
-0.0079884707 
-0.0146827770 
-0.0108955800 
-0.0020391623 
-0.0030439209 
-0.0132712940 
-0.0175441660 
-0.0061962042 
0.0123874470 
0.0179185190 
0.0060377485 
-0.0102689060 
-0.0190444330 
-0.0182074740 
-0.0121103440 
-0.0083698373 
-0.0086529688 
-0.0054662882 
0.0041358076 
0.0112264310 
0.0076018934 
-0.0000927040 
-0.0007349493 
0.0043293633 
0.0084037938 
0.0069091639 
-0.0006411823 
-0.0079501428 
-0.0069742461 
0.0022574779 
0.0087272016 
0.0007791285 
-0.0133528110 
-0.0128128120 
0.0044651616 
0.0189142780 
0.0170279580 
0.0008899006 
-0.0131494440 
-0.0151421570 
-0.0118362110 
-0.0108547710 
-0.0087573779 
-0.0014297368 
0.0076127233 
0.0120462400 
0.0092394100 
0.0029562551 
0.0001944391 
0.0016499177 
0.0027516804 
-0.0015857382 
-0.0070870922 
-0.0036775444 
0.0016062435 
-0.0050635383 
-0.0156203510 
-0.0175065090 
-0.0115369510 
-0.0073262203 
-0.0087769140 
-0.0101224100 
-0.0063533047 
0.0028812960 
0.0121380170 
0.0144796950 
0.0053277883 
-0.0094018144 
-0.0159503340 
-0.0065500006 
0.0077894606 
0.0121787530 
0.0088007339 
0.0084457779 
0.0116490670 
0.0090822015 
-0.0015105303 
-0.0127523500 
-0.0155055490 
-0.0071973724 
0.0046357214 
0.0118935780 
0.0106591250 
0.0027761754 
-0.0009552316 
0.0054156702 
0.0138682440 
0.0112855210 
-0.0009695513 
-0.0057920743 
0.0032702816 
0.0106141850 
-0.0011543169 
-0.0235302750 
-0.0285750240 
-0.0105631590 
0.0072047168 
0.0110104030 
0.0084969863 
0.0098787819 
0.0136795830 
0.0123791500 
0.0039967348 
0.0015473687 
0.0110529120 
0.0204501440 
0.0200841020 
0.0105313770 
-0.0073066549 
-0.0261211360 
-0.0320491180 
-0.0201517230 
-0.0024185695 
0.0074797799 
0.0091735476 
0.0046706646 
-0.0040743933 
-0.0064456397 
0.0001788467 
0.0067410766 
0.0096300667 
0.0047946485 
-0.0030743052 
0.0000500202 
0.0091774227 
0.0074272359 
-0.0084957092 
-0.0214346270 
-0.0131245440 
0.0022918613 
0.0017219685 
-0.0060779308 
-0.0015949436 
0.0107107560 
0.0125193030 
0.0015148703 
-0.0088681945 
-0.0096712772 
-0.0029650467 
0.0025712380 
0.0024740260 
0.0001611256 
0.0007498922 
0.0046834378 
0.0081512984 
0.0077219270 
0.0052061396 
0.0075510352 
0.0153189090 
0.0182638640 
0.0064396986 
-0.0072340247 
-0.0080260104 
-0.0033976597 
-0.0063563573 
-0.0109209830 
-0.0060989637 
0.0032642266 
0.0063467082 
0.0015964112 
-0.0051506496 
-0.0073707439 
-0.0051494841 
-0.0011707850 
0.0036061445 
0.0041933936 
-0.0021152816 
-0.0039796091 
0.0048041794 
0.0103073500 
0.0045605923 
-0.0015542213 
-0.0011332001 
-0.0007226745 
-0.0030671753 
-0.0011351960 
0.0011078739 
-0.0031081260 
-0.0084613586 
-0.0066167343 
0.0015018482 
0.0112383630 
0.0171526700 
0.0071965119 
-0.0144897080 
-0.0265015610 
-0.0203717800 
-0.0072911808 
-0.0014809883 
-0.0038385513 
-0.0059598974 
-0.0024651285 
0.0037480744 
0.0084040420 
0.0115851970 
0.0142882450 
0.0159103710 
0.0157268100 
0.0099155918 
-0.0029451121 
-0.0068278507 
0.0026883643 
0.0102954110 
0.0035096366 
-0.0093897804 
-0.0047565987 
0.0124480770 
0.0147416920 
0.0008253781 
-0.0089094269 
-0.0060990812 
-0.0043179168 
-0.0137436640 
-0.0225505650 
-0.0172974430 
-0.0026231595 
0.0051524718 
0.0002063058 
-0.0083791128 
-0.0102433270 
-0.0038882324 
0.0087265521 
0.0194427670 
0.0174802300 
0.0035459197 
-0.0091358255 
-0.0104085700 
-0.0044956918 
-0.0002197484 
-0.0020997060 
-0.0083731578 
-0.0113103630 
-0.0049125074 
0.0057179743 
0.0068261000 
-0.0008671520 
-0.0004374882 
0.0127292160 
0.0210159250 
0.0112087410 
-0.0067467944 
-0.0148072550 
-0.0108151870 
-0.0050655773 
-0.0040260215 
-0.0067260038 
-0.0093170874 
-0.0061720347 
0.0025321264 
0.0061148998 
0.0021992519 
-0.0004946517 
-0.0001313747 
-0.0013892429 
-0.0055410370 
-0.0067793337 
-0.0021268136 
0.0011215791 
-0.0020127925 
-0.0055514422 
-0.0053827061 
-0.0062721032 
-0.0107254910 
-0.0127248300 
-0.0081266174 
-0.0018549944 
-0.0004018384 
-0.0035840790 
-0.0065757931 
-0.0076853287 
-0.0062456597 
-0.0015616235 
0.0034845893 
0.0058099780 
0.0063244427 
0.0068602177 
0.0073084575 
0.0058968163 
0.0017608642 
-0.0032271080 
-0.0063013986 
-0.0062866841 
-0.0041063246 
-0.0014479899 
-0.0010799862 
-0.0045087154 
-0.0072688569 
-0.0043521025 
0.0045542119 
0.0138011340 
0.0184545770 
0.0182673600 
0.0168933070 
0.0177034610 
0.0182261570 
0.0128040110 
0.0012783869 
-0.0052081275 
-0.0020084854 
0.0026658915 
0.0013171293 
-0.0026808972 
-0.0015857689 
0.0022194186 
0.0013517361 
-0.0011468921 
0.0010895419 
0.0096929078 
0.0155067390 
0.0123522580 
0.0069209432 
0.0064826788 
0.0090608628 
0.0093136209 
0.0049194381 
-0.0001583855 
-0.0025197983 
-0.0035883978 
-0.0019686513 
0.0042627464 
0.0095572934 
0.0063047578 
-0.0027356312 
-0.0110062650 
-0.0111516730 
-0.0026966596 
0.0065016909 
0.0085917989 
0.0046264328 
0.0012144308 
0.0016680271 
0.0043343988 
0.0059076637 
0.0023668590 
-0.0065620026 
-0.0134857170 
-0.0118254170 
-0.0067455202 
-0.0071303803 
-0.0113043200 
-0.0101423190 
-0.0015217755 
0.0061684873 
0.0074025914 
0.0059834948 
0.0060108534 
0.0068822679 
0.0055126115 
0.0011836116 
-0.0025754992 
-0.0050635208 
-0.0085364234 
-0.0102824720 
-0.0082225903 
-0.0039224078 
-0.0005842516 
0.0003281552 
0.0011702501 
0.0038638053 
0.0064177111 
0.0054194898 
0.0014662227 
-0.0004095103 
0.0027681712 
0.0085594698 
0.0116468120 
0.0105501030 
0.0081410669 
0.0035004152 
-0.0053782093 
-0.0139050180 
-0.0141980820 
-0.0066154346 
-0.0005788286 
-0.0022359028 
-0.0066603385 
-0.0058304993 
0.0005411321 
0.0053204752 
0.0066653338 
0.0083201906 
0.0085444656 
0.0022741350 
-0.0092123644 
-0.0190372960 
-0.0203459460 
-0.0133868620 
-0.0071311050 
-0.0056460628 
-0.0068809952 
-0.0078568481 
-0.0061514266 
-0.0020372371 
0.0015434352 
0.0041342298 
0.0080846479 
0.0110161390 
0.0087362582 
0.0003092750 
-0.0105351720 
-0.0147040720 
-0.0100794340 
-0.0038481129 
-0.0010484788 
-0.0003775911 
0.0007858483 
0.0029890724 
0.0046114760 
0.0050153067 
0.0047358694 
0.0036432930 
0.0009622324 
-0.0015710609 
-0.0002122272 
0.0038238172 
0.0055785424 
0.0040634174 
0.0028637274 
0.0031433253 
0.0017111700 
-0.0000075566 
-0.0017053486 
-0.0058556561 
-0.0117545120 
-0.0159937190 
-0.0139918610 
-0.0053196213 
0.0050118738 
0.0121210350 
0.0126085480 
0.0072261562 
0.0028296717 
0.0035646684 
0.0045351428 
0.0004337975 
-0.0055308318 
-0.0082650560 
-0.0099027112 
-0.0126917720 
-0.0102520190 
0.0012881513 
0.0130264330 
0.0122057480 
0.0016219906 
-0.0036017600 
0.0020394301 
0.0076719957 
0.0025455835 
-0.0098542541 
-0.0160803510 
-0.0124608480 
-0.0066434077 
-0.0036953079 
-0.0019541324 
0.0014992896 
0.0036710983 
0.0057643990 
0.0114918000 
0.0173351290 
0.0135714810 
0.0002088906 
-0.0093457822 
-0.0077878988 
-0.0013331406 
0.0021116751 
0.0020685103 
0.0025365758 
0.0049232621 
0.0073419105 
0.0080073135 
0.0065350789 
0.0039604802 
0.0017570810 
-0.0013485871 
-0.0066658096 
-0.0130662560 
-0.0180792750 
-0.0188457880 
-0.0142695710 
-0.0058590540 
0.0031954999 
0.0081145031 
0.0080218944 
0.0078454563 
0.0107129600 
0.0137339510 
0.0127586120 
0.0065924007 
-0.0030133776 
-0.0116735870 
-0.0150162850 
-0.0095346703 
0.0023269169 
0.0111054630 
0.0099300122 
0.0037318624 
-0.0004873098 
-0.0007362731 
-0.0004109100 
-0.0033973612 
-0.0096075385 
-0.0152283150 
-0.0136877050 
-0.0039895253 
0.0073012400 
0.0135968990 
0.0145625830 
0.0129416690 
0.0090708389 
0.0026893699 
-0.0020640520 
0.0009160470 
0.0069664141 
0.0070181056 
0.0021158676 
-0.0011380560 
0.0004088308 
0.0051987273 
0.0101210820 
0.0126955300 
0.0112659410 
0.0060475764 
-0.0006680334 
-0.0055327351 
-0.0096840993 
-0.0164132890 
-0.0222928150 
-0.0192602720 
-0.0093260636 
-0.0008316965 
0.0029945078 
0.0050441708 
0.0057478083 
0.0044496189 
0.0044621134 
0.0073575131 
0.0096729119 
0.0077372305 
0.0035648267 
0.0030781737 
0.0074260026 
0.0112319190 
0.0110209040 
0.0093022802 
0.0071352946 
0.0013574232 
-0.0063281427 
-0.0099392584 
-0.0106821780 
-0.0112959570 
-0.0088510082 
-0.0023622607 
0.0057201425 
0.0089346333 
0.0045381897 
0.0011641813 
0.0090502008 
0.0180819600 
0.0133268300 
-0.0056653194 
-0.0260133330 
-0.0297505850 
-0.0157543080 
-0.0015494442 
0.0027635028 
-0.0000390249 
-0.0025095121 
-0.0007289912 
0.0042340728 
0.0087858392 
0.0089914538 
0.0051221956 
-0.0003967513 
-0.0049863433 
-0.0060745585 
-0.0031417409 
0.0015293819 
0.0033371510 
0.0014515899 
0.0004877890 
0.0019668786 
0.0015553875 
-0.0015989734 
-0.0066118076 
-0.0127718130 
-0.0167577370 
-0.0152618480 
-0.0093950129 
-0.0028788768 
0.0020029296 
0.0080665057 
0.0130240170 
0.0126217060 
0.0104031560 
0.0119032260 
0.0155026380 
0.0142327750 
0.0072314945 
-0.0002452906 
-0.0065189151 
-0.0117267080 
-0.0167046530 
-0.0179123310 
-0.0116745720 
-0.0049541098 
-0.0056566132 
-0.0090001965 
-0.0058253595 
0.0022056229 
0.0062625876 
0.0027941199 
-0.0018329522 
-0.0025495440 
-0.0036104830 
-0.0084441724 
-0.0117781420 
-0.0082360766 
0.0011526347 
0.0107904330 
0.0161039300 
0.0170383070 
0.0151454340 
0.0110576850 
0.0040651572 
-0.0041623452 
-0.0090244324 
-0.0102480630 
-0.0101610380 
-0.0084831132 
-0.0047422155 
-0.0008048568 
0.0004574664 
0.0005459938 
0.0031893501 
0.0083160601 
0.0108394090 
0.0075398697 
0.0010708888 
-0.0033736771 
-0.0033027092 
-0.0005178014 
0.0020606783 
0.0025876237 
0.0008539678 
-0.0018895559 
-0.0034057595 
-0.0016181541 
0.0026789283 
0.0054948144 
0.0048685449 
0.0039501612 
0.0057251962 
0.0089065224 
0.0093923055 
0.0059935722 
0.0015686417 
-0.0012249366 
-0.0024708186 
-0.0036285391 
-0.0051095478 
-0.0055871326 
-0.0056663054 
-0.0075767015 
-0.0106729980 
-0.0113610380 
-0.0088678223 
-0.0056054004 
-0.0031089185 
-0.0017855481 
-0.0018625753 
-0.0027097766 
-0.0026257961 
-0.0001534652 
0.0039229296 
0.0062501734 
0.0047140009 
0.0013025382 
-0.0005267549 
-0.0002778900 
-0.0002689669 
-0.0026738527 
-0.0063698203 
-0.0070929413 
-0.0032446146 
0.0020098034 
0.0045311276 
0.0038147431 
0.0020861592 
0.0008839398 
-0.0001473439 
-0.0028084527 
-0.0072085963 
-0.0087123361 
-0.0039411419 
0.0042810660 
0.0091999801 
0.0079338907 
0.0036347941 
0.0003950541 
-0.0003525282 
0.0005281122 
0.0009622886 
-0.0001196069 
-0.0018308702 
-0.0022380031 
-0.0007944166 
0.0002977771 
-0.0013361663 
-0.0049296470 
-0.0068156313 
-0.0043506305 
0.0005294507 
0.0037808771 
0.0046108849 
0.0045436520 
0.0047719138 
0.0052761704 
0.0042810251 
0.0015750105 
-0.0003136282 
-0.0005439503 
-0.0010987254 
-0.0027770110 
-0.0042377946 
-0.0051376588 
-0.0055611395 
-0.0043808892 
-0.0013850431 
0.0014520161 
0.0023186981 
0.0023119477 
0.0022836469 
0.0001450363 
-0.0035807629 
-0.0047150751 
-0.0020792949 
0.0006724040 
0.0013644050 
0.0013774344 
0.0021932035 
0.0033992528 
0.0041797978 
0.0047594667 
0.0054879210 
0.0056544458 
0.0048937529 
0.0039663717 
0.0033227481 
0.0023046090 
0.0005891731 
-0.0005609790 
-0.0000062372 
0.0014248816 
0.0017859086 
0.0005196831 
-0.0009283788 
-0.0009524972 
0.0003189455 
0.0011953150 
0.0003808966 
-0.0014036239 
-0.0020254819 
-0.0006041116 
0.0012022435 
0.0009047632 
-0.0008369035 
-0.0012586450 
0.0000960436 
0.0014129468 
0.0016993717 
0.0017117444 
0.0019013513 
0.0010385378 
-0.0013687034 
-0.0038916645 
-0.0054688424 
-0.0065626221 
-0.0070824931 
-0.0060289416 
-0.0029588144 
0.0006062209 
0.0026433254 
0.0029273530 
0.0026554207 
0.0027757171 
0.0035681436 
0.0049899046 
0.0056078678 
0.0041353916 
0.0016760809 
0.0005743767 
0.0012358665 
0.0015254703 
0.0003254281 
-0.0003652820 
0.0008466365 
0.0028317420 
0.0041620767 
0.0035448425 
0.0007336510 
-0.0021355906 
-0.0033117716 
-0.0034719437 
-0.0039874922 
-0.0044102649 
-0.0030423337 
0.0001047600 
0.0028379247 
0.0036772452 
0.0035049405 
0.0042199042 
0.0068678760 
0.0103800140 
0.0120277190 
0.0108525300 
0.0083460831 
0.0053908811 
0.0019380590 
-0.0007265731 
-0.0016167683 
-0.0018919277 
-0.0029892096 
-0.0048934420 
-0.0061946702 
-0.0059182768 
-0.0046658269 
-0.0036408293 
-0.0032729460 
-0.0031633292 
-0.0025384952 
-0.0004047403 
0.0028176800 
0.0055283265 
0.0070050003 
0.0069818299 
0.0048918182 
0.0012026456 
-0.0019680550 
-0.0027920466 
-0.0016449442 
0.0000522398 
0.0014238453 
0.0020783688 
0.0017762296 
0.0010293704 
0.0014887523 
0.0033180440 
0.0038750168 
0.0017360707 
-0.0012685517 
-0.0028279581 
-0.0029174178 
-0.0032250880 
-0.0046405890 
-0.0065319525 
-0.0079512593 
-0.0081207208 
-0.0069941573 
-0.0056838842 
-0.0052011282 
-0.0049234438 
-0.0028875853 
0.0008068170 
0.0031863120 
0.0028128722 
0.0016195217 
0.0015437520 
0.0017134338 
0.0004796002 
-0.0017305412 
-0.0026377251 
-0.0012673425 
0.0011401242 
0.0025362453 
0.0021534263 
0.0006516440 
-0.0017195121 
-0.0048982337 
-0.0072271896 
-0.0068926497 
-0.0043424234 
-0.0016426002 
-0.0005510065 
-0.0006508659 
-0.0000639022 
0.0019984546 
0.0046305589 
0.0062928500 
0.0064877989 
0.0056482638 
0.0038518982 
0.0011630669 
-0.0020074725 
-0.0049439148 
-0.0064915696 
-0.0062890194 
-0.0051839004 
-0.0041393361 
-0.0034498176 
-0.0032534362 
-0.0038619232 
-0.0049823726 
-0.0057035408 
-0.0056229092 
-0.0051457039 
-0.0051799625 
-0.0060034264 
-0.0063812705 
-0.0057719697 
-0.0048435209 
-0.0038192955 
-0.0024432827 
-0.0006917117 
0.0005217907 
-0.0001695360 
-0.0020650511 
-0.0032195804 
-0.0030920278 
-0.0026962152 
-0.0026374587 
-0.0023542536 
-0.0013539808 
-0.0000797836 
0.0003222049 
-0.0005540531 
-0.0019720965 
-0.0026372142 
-0.0019266395 
-0.0004185919 
0.0007603659 
0.0008396876 
0.0001124247 
-0.0002197858 
0.0008205360 
0.0027884743 
0.0041422727 
0.0040759134 
0.0031788873 
0.0023994858 
0.0022987329 
0.0028543118 
0.0035557381 
0.0035711072 
0.0025314959 
0.0008864881 
-0.0006988186 
-0.0015086512 
-0.0011074813 
0.0001278939 
0.0015080367 
0.0026987789 
0.0037170231 
0.0042258584 
0.0037826621 
0.0025869063 
0.0013406595 
0.0008109548 
0.0011171063 
0.0017620617 
0.0021354964 
0.0016935153 
0.0006325807 
0.0001352070 
0.0009092251 
0.0023534450 
0.0029604323 
0.0019200496 
0.0000505727 
-0.0006196290 
0.0009711780 
0.0033237173 
0.0041810990 
0.0032318727 
0.0020472942 
0.0024455311 
0.0042333525 
0.0054916144 
0.0052505626 
0.0041815230 
0.0031880197 
0.0024253827 
0.0016037381 
0.0006027438 
-0.0000858816 
0.0001669427 
0.0012417565 
0.0025281017 
0.0036321931 
0.0044808577 
0.0047668258 
0.0042646022 
0.0033236377 
0.0026660725 
0.0026154209 
0.0028404563 
0.0026452410 
0.0017423242 
0.0007975539 
0.0005900820 
0.0010753302 
0.0016661669 
0.0017848723 
0.0012966700 
0.0005236120 
-0.0001465879 
-0.0002297983 
0.0005586889 
0.0019163110 
0.0031756770 
0.0036901505 
0.0034578977 
0.0029717803 
0.0025470175 
0.0017126770 
-0.0001214925 
-0.0022495255 
-0.0033399453 
-0.0031891472 
-0.0026101950 
-0.0022837717 
-0.0022329727 
-0.0021694128 
-0.0020749213 
-0.0023496151 
-0.0029513553 
-0.0031841329 
-0.0027142881 
-0.0018652259 
-0.0010737284 
-0.0004618915 
-0.0000161380 
0.0001366252 
-0.0000308945 
-0.0003588740 
-0.0006613486 
-0.0007600616 
-0.0005640357 
-0.0001767005 
0.0002372359 
0.0005923323 
0.0007562179 
0.0005532445 
0.0000361407 
-0.0005781142 
-0.0011378896 
-0.0015241640 
-0.0015052803 
-0.0011243274 
-0.0009381293 
-0.0013453804 
-0.0018114508 
-0.0012168084 
0.0006285701 
0.0025355177 
0.0030199200 
0.0020127057 
0.0005593597 
-0.0002694171 
-0.0002826240 
-0.0005473804 
-0.0015241830 
-0.0028653971 
-0.0042275033 
-0.0055440488 
-0.0068227430 
-0.0075626095 
-0.0072236049 
-0.0060503875 
-0.0047034315 
-0.0035546872 
-0.0025940202 
-0.0018153048 
-0.0012391782 
-0.0008005620 
-0.0004166532 
-0.0002409655 
-0.0005173911 
-0.0011678615 
-0.0017389847 
-0.0017333822 
-0.0011687395 
-0.0004506246 
-0.0001558388 
-0.0008210885 
-0.0022203972 
-0.0033429389 
-0.0035478952 
-0.0031436814 
-0.0027427866 
-0.0026620223 
-0.0029211886 
-0.0033543971 
-0.0036962807 
-0.0035544041 
-0.0028289995 
-0.0018167059 
-0.0008331225 
0.0000433648 
0.0008062631 
0.0012444946 
0.0012566878 
0.0010274700 
0.0007966169 
0.0006752741 
0.0008225801 
0.0013769892 
0.0022238600 
0.0031313197 
0.0039761807 
0.0047798085 
0.0055210543 
0.0058853953 
0.0056803864 
0.0051252337 
0.0045523897 
0.0040566597 
0.0033201034 
0.0020378239 
0.0006312084 
0.0000856300 
0.0006572165 
0.0017221349 
0.0026446251 
0.0030937340 
0.0028340613 
0.0022288115 
0.0018935448 
0.0019573361 
0.0019713325 
0.0014543499 
0.0004592389 
-0.0006387973 
-0.0016094647 
-0.0024792118 
-0.0032230468 
-0.0036767081 
-0.0038386199 
-0.0038850950 
-0.0039667665 
-0.0040649062 
-0.0039345659 
-0.0034175994 
-0.0026550186 
-0.0018786508 
-0.0011812544 
-0.0005203186 
0.0000841982 
0.0005011975 
0.0007110683 
0.0008326211 
0.0009671204 
0.0010826842 
0.0011089810 
0.0010551585 
0.0009837958 
0.0009353503 
0.0009340185 
0.0010324354 
0.0012371086 
0.0014806051 
0.0015295987 
0.0010770948 
0.0002144781 
-0.0004245149 
-0.0003472769 
0.0002600465 
0.0009261778 
0.0014221558 
0.0017141628 
0.0016808960 
0.0013111488 
0.0007758540 
0.0002481884 
-0.0001902142 
-0.0003831703 
-0.0002197390 
0.0001811022 
0.0005636474 
0.0005929934 
0.0001568838 
-0.0005264393 
-0.0011991077 
-0.0017869770 
-0.0023555044 
-0.0029577971 
-0.0034443888 
-0.0034659296 
-0.0028669932 
-0.0017052924 
-0.0002251250 
0.0012626311 
0.0023780968 
0.0029647548 
0.0032315888 
0.0032170298 
0.0025936750 
0.0013893028 
0.0002273040 
-0.0004056374 
-0.0006322031 
-0.0008304785 
-0.0011351099 
-0.0012986966 
-0.0011177120 
-0.0007173622 
-0.0004883796 
-0.0007173690 
-0.0011134903 
-0.0011304043 
-0.0006689118 
-0.0000502976 
0.0003399886 
0.0003304602 
0.0001343407 
0.0002931970 
0.0010970345 
0.0022324225 
0.0029266436 
0.0027240401 
0.0019419736 
0.0011612009 
0.0007805465 
0.0008311236 
0.0010109194 
0.0009555126 
0.0005922474 
0.0001861044 
0.0001536988 
0.0005995136 
0.0012500877 
0.0016958622 
0.0016915529 
0.0013708905 
0.0010829367 
0.0012232523 
0.0018654645 
0.0027338644 
0.0035604948 
0.0042020305 
0.0043184780 
0.0038686503 
0.0036327631 
0.0041143733 
0.0042509598 
0.0028746274 
0.0009106598 
-0.0002449550 
-0.0004431653 
-0.0003822598 
-0.0003987500 
-0.0003108462 
0.0000360641 
0.0005349895 
0.0008565906 
0.0006863330 
0.0000963777 
-0.0006022383 
-0.0011937416 
-0.0015330622 
-0.0015431572 
-0.0013331610 
-0.0010799183 
-0.0008698536 
-0.0006849997 
-0.0005128698 
-0.0005499745 
-0.0009402771 
-0.0012711118 
-0.0010801577 
-0.0004385666 
0.0001636558 
0.0001672378 
-0.0002173549 
-0.0001210496 
0.0007594012 
0.0016560609 
0.0014012361 
-0.0001191296 
-0.0018666154 
-0.0026407369 
-0.0025663339 
-0.0028981626 
-0.0040844912 
-0.0049664357 
-0.0045274714 
-0.0031458985 
-0.0020472956 
-0.0019467054 
-0.0024888171 
-0.0029561959 
-0.0029995082 
-0.0027813998 
-0.0025848615 
-0.0023952925 
-0.0019564224 
-0.0012402656 
-0.0006620793 
-0.0005935908 
-0.0009209730 
-0.0012337195 
-0.0011709302 
-0.0007410780 
-0.0002045237 
0.0001799115 
0.0001891196 
-0.0001680992 
-0.0006741793 
-0.0011486385 
-0.0015668078 
-0.0019700167 
-0.0022208621 
-0.0020926330 
-0.0016286345 
-0.0011539374 
-0.0010253814 
-0.0012589829 
-0.0015210012 
-0.0013860202 
-0.0008122596 
-0.0002919633 
-0.0003574064 
-0.0009632920 
-0.0016986186 
-0.0022343994 
-0.0023330776 
-0.0019861411 
-0.0014300965 
-0.0008868107 
-0.0004090749 
-0.0000347289 
-0.0000033660 
-0.0004138748 
-0.0010640691 
-0.0016367474 
-0.0018242380 
-0.0016009066 
-0.0012163136 
-0.0010129723 
-0.0012190926 
-0.0017341003 
-0.0023010390 
-0.0026449535 
-0.0025328131 
-0.0020353623 
-0.0014309000 
-0.0010406797 
-0.0010663978 
-0.0011976569 
-0.0008397605 
0.0001160369 
0.0012993337 
0.0023653104 
0.0031169694 
0.0034725166 
0.0035135424 
0.0032731336 
0.0027864419 
0.0021710898 
0.0015537200 
0.0010725877 
0.0008394482 
0.0007960812 
0.0007797050 
0.0006938710 
0.0005952587 
0.0006721754 
0.0010048097 
0.0014811532 
0.0020395702 
0.0028804583 
0.0039119486 
0.0045066159 
0.0044279620 
0.0042096041 
0.0043870967 
0.0049303753 
0.0053941979 
0.0053348116 
0.0047555230 
0.0038628894 
0.0027907337 
0.0016833568 
0.0008948229 
0.0006357703 
0.0007127753 
0.0008452353 
0.0011124014 
0.0017339879 
0.0024988376 
0.0029107389 
0.0028503856 
0.0026005094 
0.0024296606 
0.0023558664 
0.0022475245 
0.0020397665 
0.0017825327 
0.0015434090 
0.0013354898 
0.0011326155 
0.0009237710 
0.0008451383 
0.0011271407 
0.0017548676 
0.0024999265 
0.0030958336 
0.0032836401 
0.0030485521 
0.0024779492 
0.0016271975 
0.0006051634 
-0.0004449117 
-0.0012773120 
-0.0016715081 
-0.0017205097 
-0.0016884134 
-0.0017355365 
-0.0018947993 
-0.0021485573 
-0.0024509351 
-0.0027023993 
-0.0025848389 
-0.0019227542 
-0.0010854420 
-0.0005524974 
-0.0003710619 
-0.0002792178 
-0.0001425418 
-0.0004492980 
-0.0014545003 
-0.0024517050 
-0.0028760541 
-0.0028726088 
-0.0028654555 
-0.0030165492 
-0.0031807292 
-0.0032202240 
-0.0031634335 
-0.0031099876 
-0.0030888321 
-0.0029931482 
-0.0027288873 
-0.0023433595 
-0.0019448715 
-0.0016234436 
-0.0014556643 
-0.0014276452 
-0.0014517994 
-0.0014475608 
-0.0013300683 
-0.0010633787 
-0.0007078381 
-0.0003453266 
-0.0000142020 
0.0002116975 
0.0002293227 
0.0000667148 
-0.0001520126 
-0.0003419377 
-0.0005295059 
-0.0008205397 
-0.0012460659 
-0.0017337500 
-0.0022066351 
-0.0025673330 
-0.0025395015 
-0.0020077622 
-0.0011958215 
-0.0003844676 
0.0003264180 
0.0008663427 
0.0010773021 
0.0009738212 
0.0007461827 
0.0005617891 
0.0005508959 
0.0007977882 
0.0012299480 
0.0016670798 
0.0018651346 
0.0017379222 
0.0014366587 
0.0011491362 
0.0009379724 
0.0007560705 
0.0005519310 
0.0003385949 
0.0002967871 
0.0006153905 
0.0008238390 
-0.0000959827 
-0.0017657303 
-0.0022845154 
-0.0008774119 
0.0013609531 
0.0021497738 
0.0002892073 
-0.0021064754 
-0.0024726087 
-0.0011949560 
-0.0001239980 
0.0002187532 
0.0004728005 
0.0009874593 
0.0014716872 
0.0016524201 
0.0016308975 
0.0016618291 
0.0018362837 
0.0020670325 
0.0022419979 
0.0022797310 
0.0021807368 
0.0020209806 
0.0018321356 
0.0015388610 
0.0011064698 
0.0006008588 
0.0001389968 
-0.0001649830 
-0.0003164425 
-0.0004148215 
-0.0005354482 
-0.0006792955 
-0.0008073183 
-0.0009014011 
-0.0009784728 
-0.0010604202 
-0.0011442817 
-0.0011671537 
-0.0010724702 
-0.0008916681 
-0.0006965055 
-0.0005237489 
-0.0003639765 
-0.0001975614 
-0.0000372193 
0.0000254789 
-0.0000705588 
-0.0002684574 
-0.0004510648 
-0.0005104130 
-0.0004431302 
-0.0003298650 
-0.0002357217 
-0.0001926637 
-0.0002327930 
-0.0003475797 
-0.0004917784 
-0.0006297516 
-0.0007565011 
-0.0008681306 
-0.0009215743 
-0.0008953520 
-0.0008234690 
-0.0007512875 
-0.0006963743 
-0.0006866239 
-0.0007806238 
-0.0009775219 
-0.0012152094 
-0.0014446614 
-0.0016946216 
-0.0020267999 
-0.0024367767 
-0.0028312480 
-0.0030684684 
-0.0031247597 
-0.0031042282 
-0.0031030825 
-0.0030249555 
-0.0024438577 
-0.0015032435 
-0.0007976583 
-0.0005351806 
-0.0004635359 
-0.0003071774 
-0.0000302758 
0.0002704617 
0.0005967513 
0.0010194323 
0.0015398710 
0.0020929964 
0.0026251466 
0.0030500328 
0.0031630365 
0.0029201457 
0.0025071739 
0.0021147912 
0.0017871660 
0.0014700985 
0.0011223424 
0.0007904743 
0.0007101577 
0.0010447409 
0.0016530214 
0.0022630264 
0.0026183174 
0.0026510450 
0.0025478013 
0.0028364527 
0.0039784714 
0.0047014341 
0.0026788276 
-0.0009895567 
-0.0024436001 
-0.0004023403 
0.0029696793 
0.0044365843 
0.0029076687 
0.0000024043 
-0.0017301085 
-0.0010270066 
0.0011856053 
0.0034163070 
0.0049989823 
0.0051909603 
0.0033735939 
0.0012972305 
0.0010441834 
0.0015789505 
0.0011346465 
-0.0000598872 
-0.0008403538 
-0.0013138577 
-0.0017979689 
-0.0017318818 
-0.0007812609 
0.0006713032 
0.0017592492 
0.0016277244 
0.0003754342 
-0.0012011795 
-0.0022002057 
-0.0020333306 
-0.0009801177 
0.0001627479 
0.0007813616 
0.0009111349 
0.0009416381 
0.0010685849 
0.0010138889 
0.0005444974 
0.0001037313 
0.0001816510 
0.0005059204 
0.0002464012 
-0.0008652691 
-0.0023321209 
-0.0032765774 
-0.0031377542 
-0.0023789171 
-0.0022293822 
-0.0029706346 
-0.0035256990 
-0.0031760995 
-0.0022491460 
-0.0015616497 
-0.0018212145 
-0.0029290402 
-0.0039143182 
-0.0038959818 
-0.0030191932 
-0.0019817799 
-0.0011820112 
-0.0005352370 
0.0000315235 
0.0001469136 
-0.0004079503 
-0.0012919666 
-0.0016786680 
-0.0010676260 
0.0000897249 
0.0007415859 
0.0004134741 
-0.0004334327 
-0.0009485191 
-0.0006492412 
-0.0001252913 
-0.0002157712 
-0.0009727974 
-0.0018755310 
-0.0023398303 
-0.0020559019 
-0.0012607928 
-0.0003873546 
0.0003579363 
0.0008769573 
0.0008710110 
0.0003149877 
-0.0004943245 
-0.0012690918 
-0.0018645822 
-0.0019480541 
-0.0013065760 
-0.0002014174 
0.0008536190 
0.0010306745 
0.0000064927 
-0.0008020318 
0.0001478585 
0.0025424221 
0.0041163189 
0.0028362367 
0.0003109679 
0.0000145720 
0.0024273881 
0.0043494008 
0.0033151191 
0.0003416264 
-0.0014588870 
-0.0006144800 
0.0012093420 
0.0019328462 
0.0014097329 
0.0009569984 
0.0012870428 
0.0017702870 
0.0017478822 
0.0014557708 
0.0015629174 
0.0022312147 
0.0030704877 
0.0034954045 
0.0032301205 
0.0025971582 
0.0023042872 
0.0027415059 
0.0035809636 
0.0037988194 
0.0026587397 
0.0011352208 
0.0005733912 
0.0010478023 
0.0017507531 
0.0020417654 
0.0018865200 
0.0016096865 
0.0010612594 
-0.0007933716 
-0.0029318907 
-0.0031421919 
-0.0019189462 
-0.0011242399 
-0.0009539246 
-0.0005928384 
-0.0004813423 
-0.0018556081 
-0.0039852386 
-0.0047399510 
-0.0035450950 
-0.0016225737 
-0.0006940660 
-0.0013108058 
-0.0020657634 
-0.0017003584 
-0.0004937052 
0.0001510795 
-0.0004590039 
-0.0011759059 
-0.0008910376 
0.0001088226 
0.0009366486 
0.0012658720 
0.0013583778 
0.0012705579 
0.0007594566 
