0.02 
0.04 
0.06 
0.08 
0.10 
0.12 
0.14 
0.16 
0.18 
0.20 
0.22 
0.24 
0.26 
0.28 
0.30 
0.32 
0.34 
0.36 
0.38 
0.40 
0.42 
0.44 
0.46 
0.48 
0.50 
0.52 
0.54 
0.56 
0.58 
0.60 
0.62 
0.64 
0.66 
0.68 
0.70 
0.72 
0.74 
0.76 
0.78 
0.80 
0.82 
0.84 
0.86 
0.88 
0.90 
0.92 
0.94 
0.96 
0.98 
1.00 
1.02 
1.04 
1.06 
1.08 
1.10 
1.12 
1.14 
1.16 
1.18 
1.20 
1.22 
1.24 
1.26 
1.28 
1.30 
1.32 
1.34 
1.36 
1.38 
1.40 
1.42 
1.44 
1.46 
1.48 
1.50 
1.52 
1.54 
1.56 
1.58 
1.60 
1.62 
1.64 
1.66 
1.68 
1.70 
1.72 
1.74 
1.76 
1.78 
1.80 
1.82 
1.84 
1.86 
1.88 
1.90 
1.92 
1.94 
1.96 
1.98 
2.00 
2.02 
2.04 
2.06 
2.08 
2.10 
2.12 
2.14 
2.16 
2.18 
2.20 
2.22 
2.24 
2.26 
2.28 
2.30 
2.32 
2.34 
2.36 
2.38 
2.40 
2.42 
2.44 
2.46 
2.48 
2.50 
2.52 
2.54 
2.56 
2.58 
2.60 
2.62 
2.64 
2.66 
2.68 
2.70 
2.72 
2.74 
2.76 
2.78 
2.80 
2.82 
2.84 
2.86 
2.88 
2.90 
2.92 
2.94 
2.96 
2.98 
3.00 
3.02 
3.04 
3.06 
3.08 
3.10 
3.12 
3.14 
3.16 
3.18 
3.20 
3.22 
3.24 
3.26 
3.28 
3.30 
3.32 
3.34 
3.36 
3.38 
3.40 
3.42 
3.44 
3.46 
3.48 
3.50 
3.52 
3.54 
3.56 
3.58 
3.60 
3.62 
3.64 
3.66 
3.68 
3.70 
3.72 
3.74 
3.76 
3.78 
3.80 
3.82 
3.84 
3.86 
3.88 
3.90 
3.92 
3.94 
3.96 
3.98 
4.00 
4.02 
4.04 
4.06 
4.08 
4.10 
4.12 
4.14 
4.16 
4.18 
4.20 
4.22 
4.24 
4.26 
4.28 
4.30 
4.32 
4.34 
4.36 
4.38 
4.40 
4.42 
4.44 
4.46 
4.48 
4.50 
4.52 
4.54 
4.56 
4.58 
4.60 
4.62 
4.64 
4.66 
4.68 
4.70 
4.72 
4.74 
4.76 
4.78 
4.80 
4.82 
4.84 
4.86 
4.88 
4.90 
4.92 
4.94 
4.96 
4.98 
5.00 
5.02 
5.04 
5.06 
5.08 
5.10 
5.12 
5.14 
5.16 
5.18 
5.20 
5.22 
5.24 
5.26 
5.28 
5.30 
5.32 
5.34 
5.36 
5.38 
5.40 
5.42 
5.44 
5.46 
5.48 
5.50 
5.52 
5.54 
5.56 
5.58 
5.60 
5.62 
5.64 
5.66 
5.68 
5.70 
5.72 
5.74 
5.76 
5.78 
5.80 
5.82 
5.84 
5.86 
5.88 
5.90 
5.92 
5.94 
5.96 
5.98 
6.00 
6.02 
6.04 
6.06 
6.08 
6.10 
6.12 
6.14 
6.16 
6.18 
6.20 
6.22 
6.24 
6.26 
6.28 
6.30 
6.32 
6.34 
6.36 
6.38 
6.40 
6.42 
6.44 
6.46 
6.48 
6.50 
6.52 
6.54 
6.56 
6.58 
6.60 
6.62 
6.64 
6.66 
6.68 
6.70 
6.72 
6.74 
6.76 
6.78 
6.80 
6.82 
6.84 
6.86 
6.88 
6.90 
6.92 
6.94 
6.96 
6.98 
7.00 
7.02 
7.04 
7.06 
7.08 
7.10 
7.12 
7.14 
7.16 
7.18 
7.20 
7.22 
7.24 
7.26 
7.28 
7.30 
7.32 
7.34 
7.36 
7.38 
7.40 
7.42 
7.44 
7.46 
7.48 
7.50 
7.52 
7.54 
7.56 
7.58 
7.60 
7.62 
7.64 
7.66 
7.68 
7.70 
7.72 
7.74 
7.76 
7.78 
7.80 
7.82 
7.84 
7.86 
7.88 
7.90 
7.92 
7.94 
7.96 
7.98 
8.00 
8.02 
8.04 
8.06 
8.08 
8.10 
8.12 
8.14 
8.16 
8.18 
8.20 
8.22 
8.24 
8.26 
8.28 
8.30 
8.32 
8.34 
8.36 
8.38 
8.40 
8.42 
8.44 
8.46 
8.48 
8.50 
8.52 
8.54 
8.56 
8.58 
8.60 
8.62 
8.64 
8.66 
8.68 
8.70 
8.72 
8.74 
8.76 
8.78 
8.80 
8.82 
8.84 
8.86 
8.88 
8.90 
8.92 
8.94 
8.96 
8.98 
9.00 
9.02 
9.04 
9.06 
9.08 
9.10 
9.12 
9.14 
9.16 
9.18 
9.20 
9.22 
9.24 
9.26 
9.28 
9.30 
9.32 
9.34 
9.36 
9.38 
9.40 
9.42 
9.44 
9.46 
9.48 
9.50 
9.52 
9.54 
9.56 
9.58 
9.60 
9.62 
9.64 
9.66 
9.68 
9.70 
9.72 
9.74 
9.76 
9.78 
9.80 
9.82 
9.84 
9.86 
9.88 
9.90 
9.92 
9.94 
9.96 
9.98 
10.00 
10.02 
10.04 
10.06 
10.08 
10.10 
10.12 
10.14 
10.16 
10.18 
10.20 
10.22 
10.24 
10.26 
10.28 
10.30 
10.32 
10.34 
10.36 
10.38 
10.40 
10.42 
10.44 
10.46 
10.48 
10.50 
10.52 
10.54 
10.56 
10.58 
10.60 
10.62 
10.64 
10.66 
10.68 
10.70 
10.72 
10.74 
10.76 
10.78 
10.80 
10.82 
10.84 
10.86 
10.88 
10.90 
10.92 
10.94 
10.96 
10.98 
11.00 
11.02 
11.04 
11.06 
11.08 
11.10 
11.12 
11.14 
11.16 
11.18 
11.20 
11.22 
11.24 
11.26 
11.28 
11.30 
11.32 
11.34 
11.36 
11.38 
11.40 
11.42 
11.44 
11.46 
11.48 
11.50 
11.52 
11.54 
11.56 
11.58 
11.60 
11.62 
11.64 
11.66 
11.68 
11.70 
11.72 
11.74 
11.76 
11.78 
11.80 
11.82 
11.84 
11.86 
11.88 
11.90 
11.92 
11.94 
11.96 
11.98 
12.00 
12.02 
12.04 
12.06 
12.08 
12.10 
12.12 
12.14 
12.16 
12.18 
12.20 
12.22 
12.24 
12.26 
12.28 
12.30 
12.32 
12.34 
12.36 
12.38 
12.40 
12.42 
12.44 
12.46 
12.48 
12.50 
12.52 
12.54 
12.56 
12.58 
12.60 
12.62 
12.64 
12.66 
12.68 
12.70 
12.72 
12.74 
12.76 
12.78 
12.80 
12.82 
12.84 
12.86 
12.88 
12.90 
12.92 
12.94 
12.96 
12.98 
13.00 
13.02 
13.04 
13.06 
13.08 
13.10 
13.12 
13.14 
13.16 
13.18 
13.20 
13.22 
13.24 
13.26 
13.28 
13.30 
13.32 
13.34 
13.36 
13.38 
13.40 
13.42 
13.44 
13.46 
13.48 
13.50 
13.52 
13.54 
13.56 
13.58 
13.60 
13.62 
13.64 
13.66 
13.68 
13.70 
13.72 
13.74 
13.76 
13.78 
13.80 
13.82 
13.84 
13.86 
13.88 
13.90 
13.92 
13.94 
13.96 
13.98 
14.00 
14.02 
14.04 
14.06 
14.08 
14.10 
14.12 
14.14 
14.16 
14.18 
14.20 
14.22 
14.24 
14.26 
14.28 
14.30 
14.32 
14.34 
14.36 
14.38 
14.40 
14.42 
14.44 
14.46 
14.48 
14.50 
14.52 
14.54 
14.56 
14.58 
14.60 
14.62 
14.64 
14.66 
14.68 
14.70 
14.72 
14.74 
14.76 
14.78 
14.80 
14.82 
14.84 
14.86 
14.88 
14.90 
14.92 
14.94 
14.96 
14.98 
15.00 
15.02 
15.04 
15.06 
15.08 
15.10 
15.12 
15.14 
15.16 
15.18 
15.20 
15.22 
15.24 
15.26 
15.28 
15.30 
15.32 
15.34 
15.36 
15.38 
15.40 
15.42 
15.44 
15.46 
15.48 
15.50 
15.52 
15.54 
15.56 
15.58 
15.60 
15.62 
15.64 
15.66 
15.68 
15.70 
15.72 
15.74 
15.76 
15.78 
15.80 
15.82 
15.84 
15.86 
15.88 
15.90 
15.92 
15.94 
15.96 
15.98 
16.00 
16.02 
16.04 
16.06 
16.08 
16.10 
16.12 
16.14 
16.16 
16.18 
16.20 
16.22 
16.24 
16.26 
16.28 
16.30 
16.32 
16.34 
16.36 
16.38 
16.40 
16.42 
16.44 
16.46 
16.48 
16.50 
16.52 
16.54 
16.56 
16.58 
16.60 
16.62 
16.64 
16.66 
16.68 
16.70 
16.72 
16.74 
16.76 
16.78 
16.80 
16.82 
16.84 
16.86 
16.88 
16.90 
16.92 
16.94 
16.96 
16.98 
17.00 
17.02 
17.04 
17.06 
17.08 
17.10 
17.12 
17.14 
17.16 
17.18 
17.20 
17.22 
17.24 
17.26 
17.28 
17.30 
17.32 
17.34 
17.36 
17.38 
17.40 
17.42 
17.44 
17.46 
17.48 
17.50 
17.52 
17.54 
17.56 
17.58 
17.60 
17.62 
17.64 
17.66 
17.68 
17.70 
17.72 
17.74 
17.76 
17.78 
17.80 
17.82 
17.84 
17.86 
17.88 
17.90 
17.92 
17.94 
17.96 
17.98 
18.00 
18.02 
18.04 
18.06 
18.08 
18.10 
18.12 
18.14 
18.16 
18.18 
18.20 
18.22 
18.24 
18.26 
18.28 
18.30 
18.32 
18.34 
18.36 
18.38 
18.40 
18.42 
18.44 
18.46 
18.48 
18.50 
18.52 
18.54 
18.56 
18.58 
18.60 
18.62 
18.64 
18.66 
18.68 
18.70 
18.72 
18.74 
18.76 
18.78 
18.80 
18.82 
18.84 
18.86 
18.88 
18.90 
18.92 
18.94 
18.96 
18.98 
19.00 
19.02 
19.04 
19.06 
19.08 
19.10 
19.12 
19.14 
19.16 
19.18 
19.20 
19.22 
19.24 
19.26 
19.28 
19.30 
19.32 
19.34 
19.36 
19.38 
19.40 
19.42 
19.44 
19.46 
19.48 
19.50 
19.52 
19.54 
19.56 
19.58 
19.60 
19.62 
19.64 
19.66 
19.68 
19.70 
19.72 
19.74 
19.76 
19.78 
19.80 
19.82 
19.84 
19.86 
19.88 
19.90 
19.92 
19.94 
19.96 
19.98 
20.00 
20.02 
20.04 
20.06 
20.08 
20.10 
20.12 
20.14 
20.16 
20.18 
20.20 
20.22 
20.24 
20.26 
20.28 
20.30 
20.32 
20.34 
20.36 
20.38 
20.40 
20.42 
20.44 
20.46 
20.48 
20.50 
20.52 
20.54 
20.56 
20.58 
20.60 
20.62 
20.64 
20.66 
20.68 
20.70 
20.72 
20.74 
20.76 
20.78 
20.80 
20.82 
20.84 
20.86 
20.88 
20.90 
20.92 
20.94 
20.96 
20.98 
21.00 
21.02 
21.04 
21.06 
21.08 
21.10 
21.12 
21.14 
21.16 
21.18 
21.20 
21.22 
21.24 
21.26 
21.28 
21.30 
21.32 
21.34 
21.36 
21.38 
21.40 
21.42 
21.44 
21.46 
21.48 
21.50 
21.52 
21.54 
21.56 
21.58 
21.60 
21.62 
21.64 
21.66 
21.68 
21.70 
21.72 
21.74 
21.76 
21.78 
21.80 
21.82 
21.84 
21.86 
21.88 
21.90 
21.92 
21.94 
21.96 
21.98 
22.00 
22.02 
22.04 
22.06 
22.08 
22.10 
22.12 
22.14 
22.16 
22.18 
22.20 
22.22 
22.24 
22.26 
22.28 
22.30 
22.32 
22.34 
22.36 
22.38 
22.40 
22.42 
22.44 
22.46 
22.48 
22.50 
22.52 
22.54 
22.56 
22.58 
22.60 
22.62 
22.64 
22.66 
22.68 
22.70 
22.72 
22.74 
22.76 
22.78 
22.80 
22.82 
22.84 
22.86 
22.88 
22.90 
22.92 
22.94 
22.96 
22.98 
23.00 
23.02 
23.04 
23.06 
23.08 
23.10 
23.12 
23.14 
23.16 
23.18 
23.20 
23.22 
23.24 
23.26 
23.28 
23.30 
23.32 
23.34 
23.36 
23.38 
23.40 
23.42 
23.44 
23.46 
23.48 
23.50 
23.52 
23.54 
23.56 
23.58 
23.60 
23.62 
23.64 
23.66 
23.68 
23.70 
23.72 
23.74 
23.76 
23.78 
23.80 
23.82 
23.84 
23.86 
23.88 
23.90 
23.92 
23.94 
23.96 
23.98 
24.00 
24.02 
24.04 
24.06 
24.08 
24.10 
24.12 
24.14 
24.16 
24.18 
24.20 
24.22 
24.24 
24.26 
24.28 
24.30 
24.32 
24.34 
24.36 
24.38 
24.40 
24.42 
24.44 
24.46 
24.48 
24.50 
24.52 
24.54 
24.56 
24.58 
24.60 
24.62 
24.64 
24.66 
24.68 
24.70 
24.72 
24.74 
24.76 
24.78 
24.80 
24.82 
24.84 
24.86 
24.88 
24.90 
24.92 
24.94 
24.96 
24.98 
25.00 
25.02 
25.04 
25.06 
25.08 
25.10 
25.12 
25.14 
25.16 
25.18 
25.20 
25.22 
25.24 
25.26 
25.28 
25.30 
25.32 
25.34 
25.36 
25.38 
25.40 
25.42 
25.44 
25.46 
25.48 
25.50 
25.52 
25.54 
25.56 
25.58 
25.60 
25.62 
25.64 
25.66 
25.68 
25.70 
25.72 
25.74 
25.76 
25.78 
25.80 
25.82 
25.84 
25.86 
25.88 
25.90 
25.92 
25.94 
25.96 
25.98 
26.00 
26.02 
26.04 
26.06 
26.08 
26.10 
26.12 
26.14 
26.16 
26.18 
26.20 
26.22 
26.24 
26.26 
26.28 
26.30 
26.32 
26.34 
26.36 
26.38 
26.40 
26.42 
26.44 
26.46 
26.48 
26.50 
26.52 
26.54 
26.56 
26.58 
26.60 
26.62 
26.64 
26.66 
26.68 
26.70 
26.72 
26.74 
26.76 
26.78 
26.80 
26.82 
26.84 
26.86 
26.88 
26.90 
26.92 
26.94 
26.96 
26.98 
27.00 
27.02 
27.04 
27.06 
27.08 
27.10 
27.12 
27.14 
27.16 
27.18 
27.20 
27.22 
27.24 
27.26 
27.28 
27.30 
27.32 
27.34 
27.36 
27.38 
27.40 
27.42 
27.44 
27.46 
27.48 
27.50 
27.52 
27.54 
27.56 
27.58 
27.60 
27.62 
27.64 
27.66 
27.68 
27.70 
27.72 
27.74 
27.76 
27.78 
27.80 
27.82 
27.84 
27.86 
27.88 
27.90 
27.92 
27.94 
27.96 
27.98 
28.00 
28.02 
28.04 
28.06 
28.08 
28.10 
28.12 
28.14 
28.16 
28.18 
28.20 
28.22 
28.24 
28.26 
28.28 
28.30 
28.32 
28.34 
28.36 
28.38 
28.40 
28.42 
28.44 
28.46 
28.48 
28.50 
28.52 
28.54 
28.56 
28.58 
28.60 
28.62 
28.64 
28.66 
28.68 
28.70 
28.72 
28.74 
28.76 
28.78 
28.80 
28.82 
28.84 
28.86 
28.88 
28.90 
28.92 
28.94 
28.96 
28.98 
29.00 
29.02 
29.04 
29.06 
29.08 
29.10 
29.12 
29.14 
29.16 
29.18 
29.20 
29.22 
29.24 
29.26 
29.28 
29.30 
29.32 
29.34 
29.36 
29.38 
29.40 
29.42 
29.44 
29.46 
29.48 
29.50 
29.52 
29.54 
29.56 
29.58 
29.60 
29.62 
29.64 
29.66 
29.68 
29.70 
29.72 
29.74 
29.76 
29.78 
29.80 
29.82 
29.84 
29.86 
29.88 
29.90 
29.92 
29.94 
29.96 
29.98 
30.00 
30.02 
30.04 
30.06 
30.08 
30.10 
30.12 
30.14 
30.16 
30.18 
30.20 
30.22 
30.24 
30.26 
30.28 
30.30 
30.32 
30.34 
30.36 
30.38 
30.40 
30.42 
30.44 
30.46 
30.48 
30.50 
30.52 
30.54 
30.56 
30.58 
30.60 
30.62 
30.64 
30.66 
30.68 
30.70 
30.72 
30.74 
30.76 
30.78 
30.80 
30.82 
30.84 
30.86 
30.88 
30.90 
30.92 
30.94 
30.96 
30.98 
31.00 
31.02 
31.04 
31.06 
31.08 
31.10 
31.12 
31.14 
31.16 
31.18 
31.20 
31.22 
31.24 
31.26 
31.28 
31.30 
31.32 
31.34 
31.36 
31.38 
31.40 
31.42 
31.44 
31.46 
31.48 
31.50 
31.52 
31.54 
31.56 
31.58 
31.60 
31.62 
31.64 
31.66 
31.68 
31.70 
31.72 
31.74 
31.76 
31.78 
31.80 
31.82 
31.84 
31.86 
31.88 
31.90 
31.92 
31.94 
31.96 
31.98 
32.00 
32.02 
32.04 
32.06 
32.08 
32.10 
32.12 
32.14 
32.16 
32.18 
32.20 
32.22 
32.24 
32.26 
32.28 
32.30 
32.32 
32.34 
32.36 
32.38 
32.40 
32.42 
32.44 
32.46 
32.48 
32.50 
32.52 
32.54 
32.56 
32.58 
32.60 
32.62 
32.64 
32.66 
32.68 
32.70 
32.72 
32.74 
32.76 
32.78 
32.80 
32.82 
32.84 
32.86 
32.88 
32.90 
32.92 
32.94 
32.96 
32.98 
33.00 
33.02 
33.04 
33.06 
33.08 
33.10 
33.12 
33.14 
33.16 
33.18 
33.20 
33.22 
33.24 
33.26 
33.28 
33.30 
33.32 
33.34 
33.36 
33.38 
33.40 
33.42 
33.44 
33.46 
33.48 
33.50 
33.52 
33.54 
33.56 
33.58 
33.60 
33.62 
33.64 
33.66 
33.68 
33.70 
33.72 
33.74 
33.76 
33.78 
33.80 
33.82 
33.84 
33.86 
33.88 
33.90 
33.92 
33.94 
33.96 
33.98 
34.00 
34.02 
34.04 
34.06 
34.08 
34.10 
34.12 
34.14 
34.16 
34.18 
34.20 
34.22 
34.24 
34.26 
34.28 
34.30 
34.32 
34.34 
34.36 
34.38 
34.40 
34.42 
34.44 
34.46 
34.48 
34.50 
34.52 
34.54 
34.56 
34.58 
34.60 
34.62 
34.64 
34.66 
34.68 
34.70 
34.72 
34.74 
34.76 
34.78 
34.80 
34.82 
34.84 
34.86 
34.88 
34.90 
34.92 
34.94 
34.96 
34.98 
35.00 
35.02 
35.04 
35.06 
35.08 
35.10 
35.12 
35.14 
35.16 
35.18 
35.20 
35.22 
35.24 
35.26 
35.28 
35.30 
35.32 
35.34 
35.36 
35.38 
35.40 
35.42 
35.44 
35.46 
35.48 
35.50 
35.52 
35.54 
35.56 
35.58 
35.60 
35.62 
35.64 
35.66 
35.68 
35.70 
35.72 
35.74 
35.76 
35.78 
35.80 
35.82 
35.84 
35.86 
35.88 
35.90 
35.92 
35.94 
35.96 
35.98 
36.00 
36.02 
36.04 
36.06 
36.08 
36.10 
36.12 
36.14 
36.16 
36.18 
36.20 
36.22 
36.24 
36.26 
36.28 
36.30 
36.32 
36.34 
36.36 
36.38 
36.40 
36.42 
36.44 
36.46 
36.48 
36.50 
36.52 
36.54 
36.56 
36.58 
36.60 
36.62 
36.64 
36.66 
36.68 
36.70 
36.72 
36.74 
36.76 
36.78 
36.80 
36.82 
36.84 
36.86 
36.88 
36.90 
36.92 
36.94 
36.96 
36.98 
37.00 
37.02 
37.04 
37.06 
37.08 
37.10 
37.12 
37.14 
37.16 
37.18 
37.20 
37.22 
37.24 
37.26 
37.28 
37.30 
37.32 
37.34 
37.36 
37.38 
37.40 
37.42 
37.44 
37.46 
37.48 
37.50 
37.52 
37.54 
37.56 
37.58 
37.60 
37.62 
37.64 
37.66 
37.68 
37.70 
37.72 
37.74 
37.76 
37.78 
37.80 
37.82 
37.84 
37.86 
37.88 
37.90 
37.92 
37.94 
37.96 
37.98 
38.00 
38.02 
38.04 
38.06 
38.08 
38.10 
38.12 
38.14 
38.16 
38.18 
38.20 
38.22 
38.24 
38.26 
38.28 
38.30 
38.32 
38.34 
38.36 
38.38 
38.40 
38.42 
38.44 
38.46 
38.48 
38.50 
38.52 
38.54 
38.56 
38.58 
38.60 
38.62 
38.64 
38.66 
38.68 
38.70 
38.72 
38.74 
38.76 
38.78 
38.80 
38.82 
38.84 
38.86 
38.88 
38.90 
38.92 
38.94 
38.96 
38.98 
39.00 
39.02 
39.04 
39.06 
39.08 
39.10 
39.12 
39.14 
39.16 
39.18 
39.20 
39.22 
39.24 
39.26 
39.28 
39.30 
39.32 
39.34 
39.36 
39.38 
39.40 
39.42 
39.44 
39.46 
39.48 
39.50 
39.52 
39.54 
39.56 
39.58 
39.60 
39.62 
39.64 
39.66 
39.68 
39.70 
39.72 
39.74 
39.76 
39.78 
39.80 
39.82 
39.84 
39.86 
39.88 
39.90 
39.92 
39.94 
39.96 
39.98 
40.00 
40.02 
40.04 
40.06 
40.08 
40.10 
40.12 
40.14 
40.16 
40.18 
40.20 
40.22 
40.24 
40.26 
40.28 
40.30 
40.32 
40.34 
40.36 
40.38 
40.40 
40.42 
40.44 
40.46 
40.48 
40.50 
40.52 
40.54 
40.56 
40.58 
40.60 
40.62 
40.64 
40.66 
40.68 
40.70 
40.72 
40.74 
40.76 
40.78 
40.80 
40.82 
40.84 
40.86 
40.88 
40.90 
40.92 
40.94 
40.96 
40.98 
41.00 
41.02 
41.04 
41.06 
41.08 
41.10 
41.12 
41.14 
41.16 
41.18 
41.20 
41.22 
41.24 
41.26 
41.28 
41.30 
41.32 
41.34 
41.36 
41.38 
41.40 
41.42 
41.44 
41.46 
41.48 
41.50 
41.52 
41.54 
41.56 
41.58 
41.60 
41.62 
41.64 
41.66 
41.68 
41.70 
41.72 
41.74 
41.76 
41.78 
41.80 
41.82 
41.84 
41.86 
41.88 
41.90 
41.92 
41.94 
41.96 
41.98 
42.00 
42.02 
42.04 
42.06 
42.08 
42.10 
42.12 
42.14 
42.16 
42.18 
42.20 
42.22 
42.24 
42.26 
42.28 
42.30 
42.32 
42.34 
42.36 
42.38 
42.40 
42.42 
42.44 
42.46 
42.48 
42.50 
42.52 
42.54 
42.56 
42.58 
42.60 
42.62 
42.64 
42.66 
42.68 
42.70 
42.72 
42.74 
42.76 
42.78 
42.80 
42.82 
42.84 
42.86 
42.88 
42.90 
42.92 
42.94 
42.96 
42.98 
43.00 
43.02 
43.04 
43.06 
43.08 
43.10 
43.12 
43.14 
43.16 
43.18 
43.20 
43.22 
43.24 
43.26 
43.28 
43.30 
43.32 
43.34 
43.36 
43.38 
43.40 
43.42 
43.44 
43.46 
43.48 
43.50 
43.52 
43.54 
43.56 
43.58 
43.60 
43.62 
43.64 
43.66 
43.68 
43.70 
43.72 
43.74 
43.76 
43.78 
43.80 
43.82 
43.84 
43.86 
43.88 
43.90 
43.92 
43.94 
43.96 
43.98 
44.00 
44.02 
44.04 
44.06 
44.08 
44.10 
44.12 
44.14 
44.16 
44.18 
44.20 
44.22 
44.24 
44.26 
44.28 
44.30 
44.32 
44.34 
44.36 
44.38 
44.40 
44.42 
44.44 
44.46 
44.48 
44.50 
44.52 
44.54 
44.56 
44.58 
44.60 
44.62 
44.64 
44.66 
44.68 
44.70 
44.72 
44.74 
44.76 
44.78 
44.80 
44.82 
44.84 
44.86 
44.88 
44.90 
44.92 
44.94 
44.96 
44.98 
45.00 
45.02 
45.04 
45.06 
45.08 
45.10 
45.12 
45.14 
45.16 
45.18 
45.20 
45.22 
45.24 
45.26 
45.28 
45.30 
45.32 
45.34 
45.36 
45.38 
45.40 
45.42 
45.44 
45.46 
45.48 
45.50 
45.52 
45.54 
45.56 
45.58 
45.60 
45.62 
45.64 
45.66 
45.68 
45.70 
45.72 
45.74 
45.76 
45.78 
45.80 
45.82 
45.84 
45.86 
45.88 
45.90 
45.92 
45.94 
45.96 
45.98 
46.00 
46.02 
46.04 
46.06 
46.08 
46.10 
46.12 
46.14 
46.16 
46.18 
46.20 
46.22 
46.24 
46.26 
46.28 
46.30 
46.32 
46.34 
46.36 
46.38 
46.40 
46.42 
46.44 
46.46 
46.48 
46.50 
46.52 
46.54 
46.56 
46.58 
46.60 
46.62 
46.64 
46.66 
46.68 
46.70 
46.72 
46.74 
46.76 
46.78 
46.80 
46.82 
46.84 
46.86 
46.88 
46.90 
46.92 
46.94 
46.96 
46.98 
47.00 
47.02 
47.04 
47.06 
47.08 
47.10 
47.12 
47.14 
47.16 
47.18 
47.20 
47.22 
47.24 
47.26 
47.28 
47.30 
47.32 
47.34 
47.36 
47.38 
47.40 
47.42 
47.44 
47.46 
47.48 
47.50 
47.52 
47.54 
47.56 
47.58 
47.60 
47.62 
47.64 
47.66 
47.68 
47.70 
47.72 
47.74 
47.76 
47.78 
47.80 
47.82 
47.84 
47.86 
47.88 
47.90 
47.92 
47.94 
47.96 
47.98 
48.00 
48.02 
48.04 
48.06 
48.08 
48.10 
48.12 
48.14 
48.16 
48.18 
48.20 
48.22 
48.24 
48.26 
48.28 
48.30 
48.32 
48.34 
48.36 
48.38 
48.40 
48.42 
48.44 
48.46 
48.48 
48.50 
48.52 
48.54 
48.56 
48.58 
48.60 
48.62 
48.64 
48.66 
48.68 
48.70 
48.72 
48.74 
48.76 
48.78 
48.80 
48.82 
48.84 
48.86 
48.88 
48.90 
48.92 
48.94 
48.96 
48.98 
49.00 
49.02 
49.04 
49.06 
49.08 
49.10 
49.12 
49.14 
49.16 
49.18 
49.20 
49.22 
49.24 
49.26 
49.28 
49.30 
49.32 
49.34 
49.36 
49.38 
49.40 
49.42 
49.44 
49.46 
49.48 
49.50 
49.52 
49.54 
49.56 
49.58 
49.60 
49.62 
49.64 
49.66 
49.68 
49.70 
49.72 
49.74 
49.76 
49.78 
49.80 
49.82 
49.84 
49.86 
49.88 
49.90 
49.92 
49.94 
49.96 
49.98 
50.00 
